# size thread(s) cpu-cycles node-loads node-load-misses node-stores node-store-misses node-prefetches node-prefetch-misses offcore_response.all_demand_mlc_pref_reads.llc_miss.local_dram offcore_response.demand_code_rd.llc_miss.local_dram offcore_response.demand_data_rd.llc_miss.local_dram offcore_response.pf_l2_data_rd.llc_miss.local_dram offcore_response.demand_code_rd.llc_miss.remote_dram offcore_response.demand_data_rd.llc_miss.remote_dram offcore_response.pf_l2_data_rd.llc_miss.remote_dram offcore_response.demand_data_rd.llc_miss.remote_hit_forward offcore_response.demand_data_rd.llc_miss.remote_hitm mem_load_uops_llc_miss_retired.local_dram mem_load_uops_llc_miss_retired.remote_dram
4096 1 7776806 8619 7063 0 0 0 0 0 0 0 0 0 0 0 0 0 0 0
4096 4 11618827 10985 9188 0 0 0 0 0 0 0 0 0 0 0 0 0 0 0
4096 8 16603842 14936 12385 0 0 0 0 0 0 0 0 0 0 0 0 0 0 0
4096 12 20712096 18133 15207 0 0 0 0 0 0 0 0 0 0 0 0 0 0 0
4096 16 25635498 22285 18745 7857 0 0 0 0 0 0 0 0 0 0 0 0 0 0
4096 20 29754378 25012 21045 15096 0 0 0 0 0 0 0 0 0 0 0 0 0 0
4096 24 34051151 27495 22662 19308 0 0 0 0 0 0 0 0 0 0 0 0 0 0
4096 28 38588986 30438 25531 21402 0 0 0 0 0 0 0 0 0 0 0 0 0 0
4096 32 43265622 35343 28700 42033 0 0 0 0 0 0 0 0 0 0 0 0 0 0
4096 36 47038741 38526 29895 38005 0 0 0 0 0 0 0 0 0 0 0 0 0 0
4096 40 51783140 41581 32238 31687 0 0 0 0 0 0 0 0 0 0 0 0 0 0
4096 44 55688020 40540 33218 30464 0 0 0 0 0 0 0 0 0 0 0 0 0 0
4096 48 60578446 45690 36939 41079 0 0 0 0 0 0 0 0 0 0 0 0 0 0
4096 52 65996104 54469 41019 63950 9104 0 0 0 0 0 0 0 0 0 0 0 0 0
4096 56 69384106 52033 42431 51300 0 0 0 0 0 0 0 0 0 0 0 0 0 0
4096 60 74375708 56738 44623 76369 8417 0 0 0 0 0 0 0 0 0 0 0 0 0
4096 64 78893856 62349 47910 71316 0 0 0 0 0 0 0 0 0 0 0 0 0 0
8192 1 7713208 8354 7203 0 0 0 0 0 0 0 0 0 0 0 0 0 0 0
8192 4 13225593 10937 9225 0 0 0 0 0 0 0 0 0 0 0 0 0 0 0
8192 8 20161636 15475 13182 0 0 0 0 0 0 0 0 0 0 0 0 0 0 0
8192 12 27060028 20570 17455 3046 0 0 0 0 0 0 0 0 0 0 0 0 0 0
8192 16 32894928 22536 19237 9426 0 0 0 0 0 0 0 0 0 0 0 0 0 0
8192 20 40208909 27032 22408 0 0 0 0 0 0 0 0 0 0 0 0 0 0 0
8192 24 46565608 30197 23491 27647 0 0 0 0 0 0 0 0 0 0 0 0 0 0
8192 28 52245564 34081 27949 24278 0 0 0 0 0 0 0 0 0 0 0 0 0 0
8192 32 58759677 39936 31422 43260 0 0 0 0 0 0 0 0 0 0 0 0 0 0
8192 36 64222559 41525 33403 0 0 0 0 0 0 0 0 0 0 0 0 0 0 0
8192 40 71219909 43857 36230 0 0 0 0 0 0 0 0 0 0 0 0 0 0 0
8192 44 77390753 49720 38256 44363 9832 0 0 0 0 0 0 0 0 0 0 0 0 0
8192 48 83387754 52276 41596 59784 6393 0 0 0 0 0 0 0 0 0 0 0 0 0
8192 52 89486702 59701 44650 79282 14887 0 0 0 0 0 0 0 0 0 0 0 0 0
8192 56 95951358 59432 47557 64948 8074 0 0 0 0 0 0 0 0 0 0 0 0 0
8192 60 102999451 62596 50318 47847 0 0 0 0 0 0 0 0 0 0 0 0 0 0
8192 64 108705367 71822 51643 101434 23326 0 0 0 0 0 0 0 0 0 0 0 0 0
16384 1 8671241 8512 7218 0 0 0 0 0 0 0 0 0 0 0 0 0 0 0
16384 4 16287819 12349 10576 0 0 0 0 0 0 0 0 0 0 0 0 0 0 0
16384 8 26391092 17090 13998 0 0 0 0 0 0 0 0 0 0 0 0 0 0 0
16384 12 36702665 22101 18593 6731 0 0 0 0 0 0 0 0 0 0 0 0 0 0
16384 16 45593041 25593 20832 0 0 0 0 0 0 0 0 0 0 0 0 0 0 0
16384 20 55398580 31491 25068 16971 0 0 0 0 0 0 0 0 0 0 0 0 0 0
16384 24 66292718 34804 28299 24388 0 0 0 0 0 0 0 0 0 0 0 0 0 0
16384 28 74397111 43500 31533 28253 0 0 0 0 0 0 0 0 0 0 0 0 0 0
16384 32 83405291 41586 34377 36833 0 0 0 0 0 0 0 0 0 0 0 0 0 0
16384 36 91409034 49659 37550 40751 0 0 0 0 0 0 0 0 0 0 0 0 0 0
16384 40 101602951 67520 40686 83319 17305 0 0 0 0 0 0 0 0 0 0 0 0 0
16384 44 111094790 59502 42732 55473 0 0 0 0 0 0 0 0 0 0 0 0 0 0
16384 48 121031634 57733 45809 65794 0 0 0 0 0 0 0 0 0 0 0 0 0 0
16384 52 126197092 67269 48161 0 0 0 0 0 0 0 0 0 0 0 0 0 0 0
16384 56 140103470 74721 50749 87810 0 0 0 0 0 0 0 0 0 0 0 0 0 0
16384 60 145836969 85092 55767 109933 25984 0 0 0 0 0 0 0 0 0 0 0 0 0
16384 64 156419259 78968 56966 97019 19555 3269 0 0 0 0 0 0 0 0 0 0 0 0
32768 1 9874114 8355 7204 0 0 0 0 0 0 0 0 0 0 0 0 0 0 0
32768 4 21746568 11128 9545 0 0 0 0 0 0 0 0 0 0 0 0 0 0 0
32768 8 39107550 20755 15042 0 0 0 0 0 0 0 0 0 0 0 0 0 0 0
32768 12 57415093 30964 22727 15712 0 0 0 0 0 0 0 0 0 0 0 0 0 0
32768 16 74606557 35732 25997 0 0 0 0 0 0 0 0 0 0 0 0 0 0 0
32768 20 94261395 40383 30664 26066 0 0 0 0 0 0 0 0 0 0 0 0 0 0
32768 24 110768919 47771 32458 39633 17286 0 0 0 0 0 0 0 0 0 0 0 0 0
32768 28 127804038 49740 36198 40705 5206 0 0 0 0 0 0 0 0 0 0 0 0 0
32768 32 149611988 60346 39964 0 0 0 0 0 0 0 0 0 0 0 0 0 0 0
32768 36 163141313 78990 52754 81688 17266 0 0 0 0 0 0 0 0 0 0 0 0 0
32768 40 177909583 86448 57200 86310 0 0 0 0 0 0 0 0 0 0 0 0 0 0
32768 44 196500217 85126 60132 88851 0 0 0 0 0 0 0 0 0 0 0 0 0 0
32768 48 216074163 92196 64595 92794 17835 0 0 0 0 0 0 0 0 0 0 0 0 0
32768 52 228931497 100164 65940 114934 44628 0 0 0 0 0 0 0 0 0 0 0 0 0
32768 56 249409994 111874 72224 0 0 0 0 0 0 0 0 0 0 0 0 0 0 0
32768 60 267422220 125558 79314 146524 32937 0 0 0 0 0 0 0 0 0 0 0 0 0
32768 64 282857608 140387 82716 174352 82258 27616 0 0 0 0 0 0 0 0 0 0 0 0
65536 1 12778999 9020 7037 0 0 0 0 0 0 0 0 0 0 0 0 0 0 0
65536 4 33889990 14653 11903 0 0 0 0 0 0 0 0 0 0 0 0 0 0 0
65536 8 62840683 22552 19125 10769 0 0 0 0 0 0 0 0 0 0 0 0 0 0
65536 12 97294050 44876 27323 13218 0 0 0 0 0 0 0 0 0 0 0 0 0 0
65536 16 129937412 47998 33885 24693 7381 0 0 0 0 0 0 0 0 0 0 0 0 0
65536 20 162827866 75326 48700 59836 0 0 0 0 0 0 0 0 0 0 0 0 0 0
65536 24 202725542 94777 56054 75298 0 0 0 0 0 0 0 0 0 0 0 0 0 0
65536 28 238663241 105513 62472 74844 35891 0 0 0 0 0 0 0 0 0 0 0 0 0
65536 32 270676650 126137 70182 111981 31520 0 0 0 0 0 0 0 0 0 0 0 0 0
65536 36 306055094 123935 80578 118504 31932 0 0 0 0 0 0 0 0 0 0 0 0 0
65536 40 332824467 127629 83123 122915 41236 3599 0 0 0 0 0 0 0 0 0 0 0 0
65536 44 373658671 153248 103100 179203 57541 39633 5140 0 0 0 0 0 0 0 0 0 0 0
65536 48 406616684 132216 90852 150973 0 0 0 0 0 0 0 0 0 0 0 0 0 0
65536 52 455781206 169750 82202 176092 66520 10287 4976 26067 0 0 0 0 0 0 0 0 0 0
65536 56 451747250 168659 101669 224653 48597 46123 4792 0 0 0 0 0 0 0 0 0 0 0
65536 60 506249731 170716 107681 224011 67913 0 0 0 0 0 0 0 0 0 0 0 0 0
65536 64 543452110 222882 144821 266006 75253 0 0 0 0 0 0 0 0 0 0 0 0 0
131072 1 18395865 10809 7051 329 0 0 0 0 0 0 0 0 0 0 0 0 0 0
131072 4 57784093 27035 13684 1968 0 0 0 0 0 0 0 0 0 0 0 0 0 0
131072 8 113686185 55559 22654 6140 0 0 0 0 0 0 0 0 0 0 0 0 0 0
131072 12 172848215 91465 37017 24084 12482 0 0 0 0 0 0 0 0 0 0 0 0 0
131072 16 232344515 97451 48975 39917 0 0 0 0 0 0 0 0 0 0 0 0 0 0
131072 20 299536894 124608 56664 47827 7085 0 0 0 0 0 0 0 0 0 0 0 0 0
131072 24 363194840 185266 89316 89864 22545 11780 0 0 0 0 0 0 0 0 0 0 0 0
131072 28 447473745 240227 127306 164574 30298 0 0 0 0 0 0 0 0 0 0 0 0 0
131072 32 529781417 263739 136788 158278 42373 15420 5394 0 0 0 0 0 0 0 0 0 0 0
131072 36 566666749 308324 155616 162864 31100 26748 0 0 0 0 0 0 0 0 0 0 0 0
131072 40 662596271 347489 174633 223099 69257 28567 0 0 0 0 0 0 0 0 0 0 0 0
131072 44 727344212 359022 185966 224145 84855 29413 10537 0 0 0 0 0 0 0 0 0 0 0
131072 48 797106386 499662 232824 314475 90031 31907 42132 0 0 0 0 0 0 0 0 0 0 0
131072 52 889204312 433125 222941 305356 90540 39369 0 0 0 0 0 0 0 0 0 0 0 0
131072 56 940312703 492203 243075 396170 136030 48081 33778 0 0 0 0 0 0 0 0 0 0 0
131072 60 1030090278 559449 281433 462341 156683 54829 47581 8008 0 0 0 0 0 0 0 0 0 0
131072 64 1069916954 538121 283307 435570 172807 62480 0 0 0 0 0 0 0 0 0 0 0 0
262144 1 29822339 20232 10747 150 256 0 0 0 0 0 0 0 0 0 0 0 0 0
262144 4 102829762 67112 25264 6036 828 0 0 0 0 0 0 0 0 0 0 0 0 0
262144 8 208423901 116794 45849 24555 2462 4724 0 0 0 0 0 0 0 0 0 0 0 0
262144 12 322123646 202059 81705 57022 2984 6109 0 0 0 0 0 0 0 0 0 0 0 0
262144 16 435139024 239924 126308 85691 8212 7759 15905 0 0 0 0 0 0 0 0 0 0 0
262144 20 555283419 320410 158292 129977 17992 12293 19302 182 0 0 0 0 0 0 0 0 0 0
262144 24 691082922 454721 243892 233817 35053 11497 14288 5195 0 0 0 0 0 0 0 0 0 0
262144 28 876444314 404530 217372 219202 40065 14351 10772 2977 0 0 0 0 0 0 0 0 0 0
262144 32 999348704 596836 382160 459673 103757 25800 13105 8289 38 0 0 0 0 0 0 0 0 0
262144 36 1196270572 726767 446608 484645 99072 26888 16582 10994 0 0 0 0 0 0 0 0 0 0
262144 40 1349862399 767075 476054 592390 162132 41659 20864 5546 5 236 0 0 0 0 0 0 0 0
262144 44 1501441356 867744 515422 659674 216452 68459 37170 11738 34 0 0 0 0 0 0 0 0 0
262144 48 1648388428 820770 481631 653672 151091 50018 35459 22496 0 3362 0 0 0 0 0 0 0 0
262144 52 1745924293 1144970 668960 933912 245091 62219 39081 17424 104 1385 254 0 0 0 0 0 0 0
262144 56 1959147236 977430 610744 833564 224398 65602 40970 14911 5233 1545 1539 0 0 0 0 0 0 0
262144 60 2164881971 1206485 646123 1007079 300613 89034 54014 20875 65 4728 1001 0 0 0 0 0 0 0
262144 64 2210457816 1187862 747714 1101134 375985 97354 47906 13120 53 0 0 0 0 0 0 0 0 0
524288 1 51459307 33739 17955 2284 62 240 445 0 0 0 0 0 0 0 0 0 0 0
524288 4 197713404 123166 61009 32633 146 278 1633 947 0 0 0 0 0 0 0 0 0 0
524288 8 400480912 216252 114378 79672 278 902 2893 1529 0 0 0 0 0 0 0 0 0 0
524288 12 617459344 398877 224819 269337 12490 313 1802 1651 71 0 0 0 0 0 0 0 0 0
524288 16 840265980 498340 289364 293955 25391 238 3004 2629 600 0 0 0 0 0 0 0 0 0
524288 20 1098635337 752985 489562 655005 116049 6315 1072 1725 60 3241 0 0 0 0 0 0 0 0
524288 24 1337658718 917946 644261 856007 195499 16422 1010 2009 79 1129 0 0 0 0 0 0 0 0
524288 28 1589757295 1150697 777785 1005916 289092 53141 10972 3167 33 955 717 618 0 0 0 0 0 0
524288 32 2056676271 1260305 937462 1275141 413512 92321 16899 3145 64 974 975 136 1424 0 0 0 0 0
524288 36 2396078359 1657418 1102874 1397398 505808 146625 48839 7645 52 1424 1862 895 0 0 0 0 0 0
524288 40 2757478392 1695757 1124627 1569215 644479 197326 90886 22637 59 1781 4038 451 4006 0 0 0 0 0
524288 44 3139146561 1878870 1292166 1735329 678697 203211 79661 25196 104 2613 8026 451 5070 226 0 0 0 0
524288 48 3466644963 2037134 1523193 1942563 747839 216486 95548 41763 78 4464 15827 847 5878 0 0 0 0 0
524288 52 3759602133 2350292 1553558 2107820 866626 279083 138243 61086 170 5518 18306 1370 4333 1134 63383 0 0 0
524288 56 3826513484 2502326 1745440 2105256 838554 284737 155396 87570 114 7174 19020 1793 29796 1360 0 0 0 0
524288 60 4433149948 2530008 1746721 2305238 1008166 341586 203103 108289 375 8710 25479 819 7247 2373 29889 0 0 0
524288 64 4921059917 2872520 1949378 2620458 1101996 401234 264029 148008 273 15582 29645 1451 6094 2339 27726 122205 8 434
1048576 1 95193533 69128 35361 28945 100 114 69 44 0 0 4 464 70 0 0 0 0 0
1048576 4 381771998 276645 166404 266312 30075 264 117 226 0 29 63 397 352 0 0 0 0 0
1048576 8 787134080 554624 353922 669045 147592 4685 204 730 0 19 383 86 290 0 0 0 0 0
1048576 12 1212795448 813239 530012 1021217 258379 23238 1211 1111 0 85 571 86 366 590 0 0 0 0
1048576 16 1648878463 1075019 783718 1474353 522380 94605 12938 3101 4 211 1729 16 272 372 19824 0 0 0
1048576 20 2139233678 1542390 1078884 1672534 675192 196093 43822 16338 52 587 4242 118 477 455 15498 103530 0 0
1048576 24 2655229781 1788646 1337000 2047498 848844 323213 111787 65462 9 3499 35907 167 619 448 20725 69252 16 0
1048576 28 3378323713 1625549 1543069 2318792 1079470 492864 204984 156690 102 9074 87142 353 623 502 12469 34351 7 129
1048576 32 4154090213 1351227 1477686 2505823 1270171 647514 357269 309175 89 21919 193564 375 845 772 9737 34813 12 217
1048576 36 4968095724 1105322 1493201 2859729 1438277 736363 433980 522012 218 49849 462661 774 1328 2196 7744 25770 22 234
1048576 40 5755247000 920095 1511110 2919057 1549164 851663 588418 742302 298 77174 726922 1280 1427 1049 5776 25505 14 334
1048576 44 6510594604 1236781 1695816 3309232 1717853 887643 588939 879678 289 110532 981661 1736 2119 1386 5462 23033 20 419
1048576 48 7395975832 1076595 1530012 3351042 1828937 992131 679290 1110042 522 176872 1647838 1531 3352 2365 3762 16317 22 579
1048576 52 8246273081 1113914 1380230 3367871 1876384 1047717 676385 1209924 1054 235028 2165196 2516 5518 2889 3344 13258 31 612
1048576 56 9031772976 954473 1148371 3344881 1912748 1099961 753382 1030420 912 285330 2408331 2474 8223 29014 2996 8912 16 674
1048576 60 9952271234 1119488 1169578 3415104 2000476 1278794 811877 1379777 390 330090 2472588 3383 14059 94732 6335 24073 62 960
1048576 64 10621140018 1500793 1411268 3013673 1690344 1949852 847969 1563212 996 297086 2142166 2928 26381 160714 28677 126908 98 716
2097152 1 185320511 53757 43337 176956 6549 276 142 36 0 3 7 0 2 0 62 93 0 0
2097152 4 771573932 148111 160998 432324 239793 183556 29309 1349 0 71 368 4 57 7 423 382 0 2
2097152 8 1594845641 277102 307572 771826 450939 360414 222593 49536 4 764 9198 25 19 7 711 642 0 0
2097152 12 2472528461 342832 441326 1111151 535376 227756 220710 189654 13 8675 69090 74 86 52 945 956 2 11
2097152 16 3381828121 435390 595373 1405973 702306 379505 303432 391173 74 36547 323890 841 251 174 989 1554 0 13
2097152 20 4315563220 713342 811432 1730657 843366 819826 339553 868817 375 113553 1282056 427 587 590 1004 1346 4 56
2097152 24 5408850503 783370 839702 2036963 1014786 1654160 379042 1656043 814 196868 2695343 1324 2294 1686 1596 1973 57 177
2097152 28 6649770974 1012874 1044073 2325546 1185310 2590576 489679 2481740 1264 265581 3433964 1528 3879 2095 2110 3953 122 334
2097152 32 8152899916 1255132 1218228 2509187 1322601 3792866 612065 3605278 636 344391 3902696 2628 8686 2999 10822 9340 162 642
2097152 36 9776770173 1360845 1269026 2844938 1461034 4958543 599150 4868380 1206 448065 4868116 4118 15169 15350 26443 27985 192 947
2097152 40 11412310900 1791930 1475189 3335235 1670191 6086429 651131 6080352 1214 560561 5915932 4500 12843 4580 44715 65183 171 753
2097152 44 13135061557 1786835 1220757 3300571 1693045 7747284 637616 7578074 1052 595229 6865002 7110 20291 5202 199228 591161 196 926
2097152 48 14899860321 1974199 970455 3230163 1797368 9261386 695739 8954910 1250 657333 7699803 4187 24266 19177 335060 1281866 141 1302
2097152 52 16589315125 2205829 1032795 3676976 2030614 10390049 799651 10059842 2888 706884 8760950 8126 36765 155188 399657 1718032 170 932
2097152 56 18387357234 2952258 1374713 3829897 1884770 12763690 949384 11834050 1972 791923 9910546 8196 70542 315858 463977 2580524 254 2293
2097152 60 20081224722 3861422 1576503 4250767 2127164 13813862 1245253 13096737 1756 901456 11051205 9106 96258 786658 550337 3260887 502 4342
2097152 64 21948233840 4426591 1931745 4712044 2230975 15500472 1485231 14146920 2598 974047 12047751 6058 181350 1011740 565884 3750183 346 5320
4194304 1 364623031 67325 51646 176250 23000 1981 372 2742 0 18 44 0 1 7 46 132 0 1
4194304 4 1531128006 199691 226135 491514 229530 307422 248143 121860 90 13122 116378 65 44 176 912 3027 0 9
4194304 8 3178949364 386580 468181 1038596 542206 840704 398119 537666 687 55434 483294 319 476 190 1511 1285 3 10
4194304 12 4915349295 598016 569144 1511905 737192 2112470 246861 2043586 505 178806 1622622 2913 5834 875 7735 1968 60 57
4194304 16 6741655823 998866 811196 2085679 1014479 4652694 305206 4746279 761 363658 4141561 5436 12477 2457 91981 44979 210 371
4194304 20 8632349966 1398231 935433 2555730 1244559 7774754 358130 8147975 935 597479 7305031 7511 15860 3856 321137 473031 515 286
4194304 24 10702481702 1694876 964129 2827813 1452998 10578494 466728 11153743 753 796690 10081768 4655 12868 13546 474932 1515985 811 1365
4194304 28 13048683060 2644969 1310404 3208796 1673212 13356048 732909 13858254 810 981326 12527913 4122 13726 5670 549859 2225158 1163 10159
4194304 32 16064750646 3909505 2077476 4194675 1909337 15870860 772365 16529080 1766 1154891 14966992 5991 19292 6467 575884 2577307 1412 11153
4194304 36 19488060831 5319208 2663734 6188806 2310573 18235558 895474 19449488 2875 1339584 18019983 4812 17971 6682 577806 2883712 1558 19077
4194304 40 22623247138 6450722 3417456 7497454 2838664 20331988 929811 22508548 2034 1557711 21290840 5200 17326 29093 574822 3256999 1445 21114
4194304 44 25987805323 7296353 4136020 8227596 3354162 21680600 1182289 24432883 2063 1808428 24027980 8429 32017 126220 637702 3675649 1360 16437
4194304 48 29394135617 7832458 4270394 8390903 3689424 22485103 1370442 25424510 2906 2105619 25804698 8786 44090 134933 652898 4064414 1271 16283
4194304 52 33124467275 8434019 4456106 8143468 3825181 25102663 1374809 27048555 2507 2422998 26997383 11283 127211 108525 699086 4536849 1258 12813
4194304 56 36856755750 9270815 4976961 8670351 4069495 27935908 1768434 28773474 3363 2596842 28315313 12018 129798 407544 758260 5002048 1310 15154
4194304 60 40814242265 9875003 5130338 8528552 3946931 31500892 2017111 31424738 5289 2773403 28550286 14979 299137 820873 888112 6088250 810 13101
4194304 64 44476639593 10920728 5464195 9144002 4383554 33300892 2774368 33327168 4355 2810992 30273217 18699 288103 1418898 999522 6953622 812 15988
8388608 1 717520870 112727 95044 181932 13448 12474 802 27237 6 7882 25438 6 33 7 195 198 0 3
8388608 4 3064293617 405200 362593 708014 346073 1817628 475213 1359696 551 101409 1140739 1813 10964 14833 83417 137243 11 1456
8388608 8 6353915264 1296765 842233 1517549 743480 6160542 581672 5997552 1009 442749 5326027 1652 17835 136645 183429 357248 130 8115
8388608 12 9856658035 2164459 1314502 4444706 1790282 10763328 485727 12346468 685 890828 11276120 2247 24748 267398 227137 622717 476 11160
8388608 16 13508081395 3077745 1702793 5531415 2766343 14263689 1049710 16324651 726 1292760 17082867 3553 26335 258151 312542 991143 915 13647
8388608 20 17393517262 3977724 2081235 5887193 2854269 19068387 1371829 19273514 3261 1516320 20218012 4280 50514 532569 399018 1403602 1762 22801
8388608 24 21317392910 5006981 2646932 6718547 3316469 24682564 1852100 24512654 3600 1822362 22861308 6793 73198 613253 565626 1949941 2397 27144
8388608 28 25821474666 6168488 3208426 7355710 3561068 29852910 1948440 30416498 4059 2283116 26903424 7926 97310 682198 827480 3162555 3182 31976
8388608 32 31704720898 7996975 4073133 8928778 3995318 34816501 2195122 36028760 4061 2685054 32414289 15214 129910 735070 1110790 4602592 3189 37138
8388608 36 37580077092 9920413 5144399 10769183 4567307 38876320 2458321 40534404 3572 2935659 37537406 15313 180351 882673 1213674 5829374 3392 40724
8388608 40 44145738414 11897598 6142638 12187518 5240496 43072121 2616267 45339628 3403 3368670 42226569 16916 369606 685234 1247509 6820775 3364 42490
8388608 44 50612214891 13825016 7273801 12965197 5824273 46756311 3523201 48469334 4165 3832213 46033832 17097 460477 1107622 1328755 7672227 3751 44009
8388608 48 58198779901 15013865 7722666 13259229 6205878 50455393 3592138 51858930 5307 4029934 47964677 20487 546515 1416191 1413276 8682214 3284 36286
8388608 52 65451681411 16775700 8418464 13521400 6438902 55894003 3448795 57734127 6493 4285448 51414280 20453 536973 1298415 1700356 10614021 3477 58753
8388608 56 73539371147 19642784 9671443 14977260 6865537 61562436 3710665 63693624 8428 4664431 57032441 21881 549634 1376487 1978285 13094673 2991 74238
8388608 60 81547178345 22589578 11388218 17176452 7580980 65862192 4329411 68591414 7415 5027741 61928157 26153 579661 1673920 2114229 14934039 3168 82073
8388608 64 90296204893 25254391 13397394 18560480 8146909 69475242 4138568 73613040 8280 5498963 67368283 36074 554956 1385575 2181143 16378645 2495 77036
16777216 1 1431680243 225823 144005 278543 24136 1085637 636 1177388 270 86051 1074792 1394 2059 205 2574 2743 2 45
16777216 4 6142779602 916918 619469 1495277 702143 6452170 1470791 5465163 1188 394441 4793668 1267 76926 869879 122603 150969 66 10716
16777216 8 12772381319 2606452 1389617 3925515 1799579 17630096 2530360 16601766 1720 1212333 15173179 4249 140053 1498693 365128 707214 338 26606
16777216 12 19651593666 4321733 2220301 7281077 3172508 24540570 2831348 24868217 1297 1901523 24235962 4085 180665 2278472 449033 1277741 984 36056
16777216 16 26832387186 5971506 2938094 9119995 4055409 33365201 3493416 32834350 2148 2455274 30829180 7502 209393 2504022 671046 2093130 2000 47020
16777216 20 34496869134 7944494 3805925 10234679 4610362 43321604 4671795 42091650 3208 3123978 37782770 11177 305801 3444710 1046642 3463401 3320 68304
16777216 24 42493500784 10785787 5388897 13589417 5685600 51982239 4372663 52901183 4742 4042657 48460230 11653 465166 2800214 1299036 5213951 4541 78290
16777216 28 51322385733 13796124 7101137 15771992 7289703 60824627 5904883 61117003 4689 4527555 56243009 11962 611122 3155980 1590353 6719517 6547 97921
16777216 32 61577884991 16920580 8831876 17692841 8180714 69592654 7447854 68545062 4673 5038008 63256634 18203 771450 4487747 1977048 8960551 7025 157362
16777216 36 74108694037 20659184 10959483 20452801 9180291 79092559 7838658 78236020 6063 5800445 71448006 22082 751406 4455159 2318613 11187251 6981 195766
16777216 40 86562354295 24044112 12783834 22612270 9898795 87625519 7965834 87406920 8970 6452954 79829856 26174 892816 4531225 2525356 13595080 7408 236025
16777216 44 99798442120 28335437 15006718 25137713 10953112 96891432 9018390 96526375 10755 6872422 87421935 31109 919649 5439923 2990716 16595906 9458 219748
16777216 48 114183047593 32297271 16818585 26333716 11646168 106172126 9355202 106228856 11308 7778955 95731582 35831 857476 5485326 3266303 19704912 8358 159028
16777216 52 130545582111 36697817 19902041 29445454 13082760 114536976 9951930 116182980 10073 8644347 105384360 42186 900471 5597041 3507343 22469026 9277 156274
16777216 56 146927233834 40525869 21364414 31429808 14134368 122430614 9971596 124513858 17518 9149234 113124336 48774 938730 4624552 3750506 25476796 7040 158446
16777216 60 163251586802 45286139 23526387 32239668 14321137 132210805 9223820 134589491 13114 9691834 121290959 55440 979179 4790525 4044663 29077752 5986 124183
16777216 64 181467397034 50754569 27074133 35400546 15786200 142057769 7369278 148715564 15182 10905166 134134844 67657 987694 1690803 4448537 32995964 4096 103179
33554432 1 2890880777 593417 211859 868664 62598 4268916 3212 4613060 2988 327105 4228343 1224 931 541 3639 3379 1 161
33554432 4 12872442709 3394241 2201160 4224024 1734022 17585896 4407737 14796312 867 1071586 13636369 4812 417584 3031744 450418 558559 117 94642
33554432 8 25978221364 6259905 3421554 8978253 4165780 36591842 6834874 33016560 3276 2477493 29986998 7358 445094 4408242 938869 1552867 565 116099
33554432 12 39820290263 8952133 4341472 13088919 5776238 51475816 6528832 49207917 3664 3604635 44751549 10003 803624 5193194 1126597 2876205 1622 146498
33554432 16 54735179625 13529889 6909278 19197344 8177533 69846685 8521412 67678469 4095 5023145 62164067 18721 1363002 5963717 1750037 5198484 3552 215395
33554432 20 69827194799 18054766 9258295 23403022 10161928 87433517 10159400 85062808 5537 6349336 77837617 23290 1303891 6958703 2241737 7550624 5628 301292
33554432 24 86570877990 24022153 13025256 29468348 12525720 105317907 13787958 100859847 8534 7402187 91559748 27585 1417903 9816117 2875819 10903942 8516 483933
33554432 28 103484965401 30368450 16425206 34073924 14910320 124003488 14113102 121330750 10218 8916241 110889818 33617 1287469 8287113 3745640 14981934 12890 450570
33554432 32 124419573072 36977235 20157398 40334207 17390337 142807315 16057600 139417131 12725 10167597 126233477 43458 1843851 8931401 4546112 19591946 15759 492335
33554432 36 148431641258 43495697 23800148 45542399 19273787 160627953 16155359 158741190 15848 11526121 144234876 48319 1851185 8283398 4883707 23855929 17506 448931
33554432 40 174737154433 51531977 27883122 51316553 21270693 178244390 17315741 177011330 17736 12757194 160647494 57752 2277161 8762029 5732163 29418745 20147 542855
33554432 44 201997478175 60099392 32869572 57016985 23955281 197527052 17939257 197570671 24615 14356641 178408892 71522 2457619 7884136 6402317 35398308 21202 457373
33554432 48 231275071117 69684592 37976908 62936003 25797535 213980547 17636686 216308941 22383 15698810 195692337 78239 1974297 7754948 6737713 41402536 26014 541538
33554432 52 262351890684 78518470 43082547 67629935 28082694 232444969 19656721 234764299 22968 16955098 212323066 95938 2012470 9047379 7550554 47764440 19165 520077
33554432 56 298001049476 86614767 46878940 72154839 29618676 251427910 16950882 258357772 33541 18626176 233001395 102501 2294946 5326312 8116798 54859610 16428 317341
33554432 60 331200355995 94564543 50926395 72832122 30646460 268470488 15653555 278289840 34360 20085163 251624993 110479 2452653 4075635 8605559 61020147 15005 264035
33554432 64 366238191670 103332978 55451301 74866908 31893199 286423915 13320802 301006991 35080 21628842 272098828 140492 2245692 1283473 8999093 67007839 15886 216900
67108864 1 5775970825 1034580 288132 1611915 84918 8480487 4738 9400446 853 671600 8679853 2684 1487 865 5916 8878 0 214
67108864 4 25367469467 6152596 3138530 7767693 3054373 36751796 5020710 34755196 2934 2513002 31182930 5780 416608 2430209 856948 1098583 207 178985
67108864 8 52414770895 12321641 6147548 18245030 8302048 72744793 7917200 71286001 4567 5175682 64670283 14654 1113885 3141086 1918071 3318867 1293 224726
67108864 12 81475359175 20373001 10414861 30058447 11787100 104474264 8844601 104973370 9140 7942512 95843684 26704 1317614 5620284 2562126 6757628 3418 476061
67108864 16 111220261816 28806591 14830008 40880260 16597095 141006766 11013119 142921255 11732 10578194 130452012 37072 1540434 5297439 3740296 11185223 7265 490111
67108864 20 142970393721 39917346 21066782 52500836 21593795 177426840 16231572 177334948 15525 13167676 160677075 40378 2968732 8486895 5243256 17045190 12131 734398
67108864 24 176184000146 52473502 28371338 64934337 26117505 213114916 18175093 214734356 17152 15872925 195067264 47467 2592852 8557243 6193486 23690117 18592 993580
67108864 28 210375872032 64937389 35195372 75010400 30868160 251028799 19053161 254801201 23467 18464219 231213054 69103 2782152 6732612 7816277 31901704 27922 1050356
67108864 32 248078269995 76968114 41886080 86493601 35523442 289416882 22932292 292645821 27937 21480163 264551710 83188 3660495 7204735 9123825 40466838 37687 1093819
67108864 36 300040344111 93406724 51013818 101326884 41484210 327240582 26962867 330394228 29923 24354792 298491701 107952 3699984 7508539 10958326 51361488 36381 1000706
67108864 40 347788556810 105519806 56869836 104345292 43142835 362477904 24741741 371409511 32956 27091662 335425430 120623 3188266 5579607 11884391 60437659 38271 746515
67108864 44 405563957939 124458570 68356622 119510119 49239927 400605523 32818983 404348739 41160 29800520 364446048 130899 4504850 9230735 13508620 73791651 41760 801170
67108864 48 461520026257 139941695 75794350 127743721 51176427 432299488 29019135 444548475 44005 32968791 400627276 158820 4670436 7769371 14135100 84922644 42410 793576
67108864 52 524387843947 157638428 84912471 134841705 54878183 469349908 31059074 483234405 52726 35968194 435182544 180305 4537799 7555786 15231223 97126251 39578 628437
67108864 56 591887332817 175207963 94429915 140679108 58046324 506729747 29542869 525576515 54143 38446487 473774816 195914 4348881 4408033 16495249 110142218 30139 556584
67108864 60 665162315691 193266188 104306650 148061070 61656945 544616448 32339255 563201611 62973 40665301 507136417 216430 4629239 5123374 17670402 123556418 22590 500661
67108864 64 737487937309 210017880 114219292 148263933 63196917 581130877 29048324 606504254 62135 43105771 547474677 281144 4108749 609767 18793018 135890338 16799 394590
134217728 1 11642029786 1904301 366379 3380139 122162 17015917 7360 18579936 3698 1345770 17327367 5721 3456 1432 8096 9929 4 949
134217728 4 50785019371 11188850 5754082 16340504 6137207 74025245 8680485 71371981 5560 5082590 64127185 10456 1235801 3615222 1618850 2159491 351 215988
134217728 8 105030182363 24582056 11656287 37312345 16293811 146468726 11283631 148201948 11227 11039092 134720691 26199 1350207 1591555 3718049 6625112 2888 471840
134217728 12 162453222786 38964167 18226461 59249080 22868314 210857033 10081625 220135552 14664 16483714 200554335 48018 2735939 3767792 4859323 13438407 6864 684371
134217728 16 221817480879 57003072 27805669 80932300 32897788 284912450 15148830 295506603 20713 21994809 269187299 56011 2834178 3412208 7569372 22251919 15095 874955
134217728 20 284127244655 76905207 38709196 103022858 40927806 357402350 20146770 369958019 29008 27727215 335666389 71685 3769180 5105511 9934855 33313032 25857 1145613
134217728 24 350231889674 101035945 52695516 124683640 50528153 430860335 29244370 440149806 33676 32275500 399201524 108908 5123381 9124854 12804872 47611361 37151 1494410
134217728 28 416314594320 125164682 65336518 143807092 59849455 507838594 30300424 524145025 40118 39223718 474094593 133258 4704306 3496263 15458351 62433924 58914 1632824
134217728 32 493667811080 155987883 84054026 168586986 70872522 585648874 43553538 595143425 49431 44328648 537888543 162124 6045046 7958101 19203332 81924785 77296 1949782
134217728 36 593620191610 183071017 98843099 190049834 79343520 657839368 45607318 672698720 55739 49620394 606509340 188434 6426164 7481608 21770190 100600954 72265 1725422
134217728 40 698829979951 215123375 116862109 210626716 88232535 732067200 54687186 744683053 65670 54886529 671838256 223130 7156102 10337947 24698293 122795564 76949 1635657
134217728 44 804653749392 244807714 131727304 226087463 92897262 800559437 51820459 823348285 70206 60787032 742311557 236515 7446151 8032506 26255204 144463398 71219 1468786
134217728 48 916691837808 278304558 149512463 244900848 100128018 872381280 57660059 896997639 79703 66529356 806275188 281740 9223789 11449603 28381190 168580317 76715 1410106
134217728 52 1045179339168 314671764 170422211 258740807 107682442 948033572 61345875 975484867 90948 71772932 878515088 318216 8118661 9347312 31314988 193547190 65932 1240303
134217728 56 1181777076791 349377743 190390471 274673885 114678206 1019846096 61700631 1054876496 101038 76385553 949496236 358271 9057482 8574409 33715514 219878540 60032 1064092
134217728 60 1329769885318 389958800 211411680 288028664 123827226 1100425477 71925747 1131002424 114801 80956518 1018955242 395446 8612773 8740172 36720647 247384551 40578 893903
134217728 64 1481227862467 422874396 229256380 299207824 127487768 1170873712 63144185 1216662958 129779 85617928 1096648960 528410 9230537 1898092 38101284 273644666 29029 746821
268435456 1 23442264306 3516466 358823 6962897 225088 34394523 22287 37676800 3074 2737757 34611934 14480 8082 4264 18108 20235 7 452
268435456 4 100545956324 21062199 9005049 31775900 12025820 149756627 10651450 151583128 9288 11104200 136827053 19504 1132387 361210 3374613 4342779 976 375485
268435456 8 208915665704 47061681 20933800 72628960 32366385 296659969 22077999 299901020 17776 22199114 271689169 53334 2592407 1545867 7453494 13047702 5070 759012
268435456 12 323391602924 76151442 34809478 115907897 45389376 424034299 14998862 447438528 26558 33230688 407607409 83577 4054148 1912752 9779992 26706973 13957 1064211
268435456 16 441105845566 110650396 51886053 157371892 63404398 570437711 23625547 597974358 35567 44714120 544654670 117909 5010714 2217337 14346690 43906392 28481 1480769
268435456 20 566356663705 153210482 75088562 201376753 82692444 720233224 35003951 749868194 47427 55739937 681144285 155386 6509278 2481887 20121434 66871108 50808 1947169
268435456 24 699436213865 201304925 102181538 246391970 100747580 866270179 46361334 897675695 61580 66134856 814636128 200112 8250960 4296135 25429083 93747669 74853 2952841
268435456 28 830509561226 248896680 129109647 280167728 118087218 1016954590 55837562 1054174396 72007 78405129 954096388 241204 8038311 2998096 31327556 124271627 117120 2935637
268435456 32 976930742930 304988692 162936598 323783601 137645323 1169127087 68597806 1208036524 86259 89022103 1090456335 300718 9938974 3952420 38670250 160486026 155683 3369876
268435456 36 1181788179855 359187156 191484370 366880824 153077112 1318688624 83513279 1355013595 103363 99232817 1224710679 357207 11368668 7148025 42130571 199076469 142251 3135470
268435456 40 1389722077854 420259492 224247992 403944285 167544509 1466105486 108650727 1489293853 117028 108918575 1344754093 402059 13200945 24221209 47751079 240790714 141419 2864150
268435456 44 1608239231238 485117926 261207244 439855241 182856617 1608721503 112656088 1643155480 144989 120126351 1481759131 425381 14332850 23285648 53004185 286704868 132118 2655547
268435456 48 1835418629739 559721714 300622442 478944280 199600324 1757180681 131572231 1787681367 150543 131883179 1608522625 515435 15541477 32034025 58338663 337574203 151774 2617510
268435456 52 2083861469095 621653299 337016708 506463827 207646432 1888713090 117345081 1946384092 184748 141763489 1755095584 592782 14272495 25553572 60671616 384835218 116092 2035627
268435456 56 2357272709125 695778693 379337396 541523875 226914586 2046435101 136643558 2099357780 187532 150581338 1890409243 685309 16565913 27207492 66848020 439545246 110272 1892149
268435456 60 2663605836296 776834893 424068043 577541838 243174504 2193743423 128554364 2266862033 218290 159375253 2043911401 741492 15402743 15077167 72167029 497701137 81396 1649357
268435456 64 2968020108154 843569032 456036411 596326492 255088282 2350023206 132920199 2430282021 253679 168297636 2192747480 1005594 15718649 8442935 76150771 546949022 57430 1328392
536870912 1 47035906599 6839352 346414 14680024 415739 69075177 34215 75052642 16038 6124677 68982204 23595 385903 17511 36669 43789 8 1497
536870912 4 202123553533 43469959 19608872 65315646 25432809 300439085 22421296 302492765 17105 22420299 272436621 37830 2735050 783876 7060371 9123376 2063 825344
536870912 8 421174542953 97609184 44826735 150311995 66305902 592347024 44535887 598538613 35832 43968165 542033607 88896 6631075 3934382 15736986 27214969 10146 1620961
536870912 12 649875060514 154179456 71244441 233823514 93799016 848823308 34815440 890468090 57006 65927943 811889017 150557 8531706 6394113 19774951 53996669 25672 2404246
536870912 16 881544787904 217179155 101271926 308839897 125159810 1141535580 45196587 1197817527 73442 87950276 1091380623 205186 9221015 3483495 28376427 87321064 51886 2449318
536870912 20 1132698453385 300655146 147255514 396873706 157541150 1434468556 78818097 1484049673 100536 108822494 1347703340 292859 12867503 19796589 38411734 130837554 95138 3866804
536870912 24 1393054069193 392675730 198770586 477868309 200626394 1741115284 100825706 1795066875 113710 132067728 1628668932 375921 12658480 11939228 50551872 185481514 144356 4580402
536870912 28 1688381637345 516670684 276666327 598249371 253294634 2055620700 151712922 2085229180 145527 152380789 1885773124 465724 19096742 24792403 66212323 257730158 226808 6624381
536870912 32 1961556729762 602458737 319147274 642657599 274812006 2348543658 159230017 2397012356 171016 174995275 2166804870 586026 18038576 22247922 73182978 320304294 299127 6368267
536870912 36 2384114086581 725997581 392902477 752234008 317787856 2656554610 214098772 2675312905 192755 192308759 2415738283 692091 23118817 47139496 86025482 402112931 265350 6353863
536870912 40 2796244153935 856666254 467215987 832565798 351329805 2945296104 247316714 2956366735 232023 211858413 2668408997 764726 24815596 68467648 99570289 493168708 254736 5840328
536870912 44 3225947260901 980544871 534439296 917006290 379186762 3218758811 248664485 3258993537 260370 236386456 2937956450 925299 24862287 69598845 106248648 585194284 253851 5324018
536870912 48 3666490811480 1109730299 605077126 949423262 401529376 3510332512 259125089 3569633436 281754 257489687 3216445253 1008805 25308706 67459551 117577346 675427544 266392 4520598
536870912 52 4169884586266 1241568600 672044273 1007977252 422849211 3789131506 244800748 3890764751 310836 277986346 3506223644 1135644 23920125 55385207 125011183 772716865 236000 3950154
536870912 56 4736139414729 1394832566 765096931 1086698391 455899676 4088569828 292708119 4162434444 348952 291896298 3753207215 1279519 26667544 83122389 133282098 884986647 197162 3778949
536870912 60 5315802301495 1537874632 843793020 1115644801 483905922 4397711151 263595462 4531455005 413071 313427279 4089918559 1362444 23876085 30417459 146868458 991141591 151397 2855999
536870912 64 5931255028833 1668611268 904671729 1169006038 505269853 4685644104 258911143 4844594935 464163 328472137 4374652336 1958467 22933374 24482733 149990327 1093777450 83756 2336262
1073741824 1 93808722172 12987877 891275 28639411 410697 138042355 76971 150894013 43034 12000238 138018686 45259 485841 30745 28426 31709 13 46732
1073741824 4 421990440026 114848362 65746205 158322256 62283159 607603025 80838727 575651993 35408 41855313 512288071 99300 12407001 22335410 19623741 24719162 8300 3475284
1073741824 8 855993488905 211496105 108681672 321339277 143680829 1198642528 137626588 1159602327 69049 84679907 1047534180 218423 16476203 39499137 36333599 60157772 25769 4556594
1073741824 12 1323800984832 334390354 169262702 507267356 202007857 1706796975 96834161 1761093080 109941 128648130 1601054938 287891 20257334 27696679 45632098 118927800 51050 6108333
1073741824 16 1795342730575 464059779 233164799 669549030 269658904 2303473043 157160372 2346806130 145466 169314759 2132888219 425021 24270203 51460472 62785646 187590996 103269 6986563
1073741824 20 2267329208268 600352454 294989190 798285234 325764818 2889762379 164797008 2976129551 185781 215425336 2706530207 474996 21439781 32829142 77996871 266414391 190796 6647609
1073741824 24 2822771497372 813700423 425869983 1011189246 410726017 3473467057 243808018 3534326784 236600 256521689 3204314720 735086 30413463 72909563 103571563 390769719 281925 10663350
1073741824 28 3360626549227 1000265868 526807439 1156409935 487811706 4111981574 286084015 4183450957 270353 301056157 3789411440 939623 28417849 43188407 125273828 506402306 447693 11551792
1073741824 32 4004873080045 1259269163 697841648 1409241929 584663920 4700280172 502041934 4599537846 320238 330192111 4151059009 1242294 48985655 216143543 151038218 674960245 543196 17457353
1073741824 36 4810165057305 1499595854 834363421 1575428743 655498134 5300484776 530828952 5231377461 423076 376256289 4713129855 1423346 48569825 202280055 180203597 834681500 527270 13751246
1073741824 40 5639486276482 1741187390 955896722 1728328157 715977544 5902605346 561007107 5855150589 454145 417192184 5279031703 1605763 49802829 187229063 199611605 1004329615 489739 12139519
1073741824 44 6505137277693 2019166059 1124740030 1881050587 785693596 6507574996 632386166 6448056409 487502 460337078 5802792694 1712794 51852339 211416893 229759226 1195568444 512031 10838440
1073741824 48 7337455858398 2212000762 1201133441 1912306600 795811836 7032240547 581248937 7077431259 549735 506039110 6378418931 1954419 45122309 196039205 229546073 1347942342 503825 9004654
1073741824 52 8353464921746 2500238030 1361982274 2025441954 849491576 7599625195 540671881 7739413294 620096 546872822 6978339286 2164638 42000588 149733028 250861000 1552666952 452730 7345571
1073741824 56 9472582860834 2798400851 1528541829 2180472499 913513532 8206633752 642891337 8290729295 734313 578271230 7475870676 2453114 48622003 206196663 270743711 1771569195 368976 6595638
1073741824 60 10685064357043 3118324555 1716415636 2285464701 994837487 8834162324 635924179 8977747191 782858 613669126 8100187398 2880674 45600443 142925145 299288968 1999737846 272530 5711687
1073741824 64 11925115514665 3363932134 1829889278 2340484313 1016367041 9391540500 560440809 9659853423 868619 648936733 8728964277 3796431 40782360 81659778 306084432 2196488496 158063 4730857
