# size thread(s) cpu-cycles node-loads node-load-misses node-stores node-store-misses node-prefetches node-prefetch-misses offcore_response.all_demand_mlc_pref_reads.llc_miss.local_dram offcore_response.demand_code_rd.llc_miss.local_dram offcore_response.demand_data_rd.llc_miss.local_dram offcore_response.pf_l2_data_rd.llc_miss.local_dram offcore_response.demand_code_rd.llc_miss.remote_dram offcore_response.demand_data_rd.llc_miss.remote_dram offcore_response.pf_l2_data_rd.llc_miss.remote_dram offcore_response.demand_data_rd.llc_miss.remote_hit_forward offcore_response.demand_data_rd.llc_miss.remote_hitm mem_load_uops_llc_miss_retired.local_dram mem_load_uops_llc_miss_retired.remote_dram
4096 1 49294775376 14314724 8905332 18087197 397709 70335707 9023876 69296023 46711 5616442 60883900 10133 3280097 8620156 38409 41969 5 854605
4096 4 225327921121 90094767 65588285 92801748 42262854 315347508 87500076 253877397 18364 20355318 222783746 47520 15418643 57805235 13622420 20623520 3502 5290677
4096 8 477708200605 164848626 121180158 178156872 84470550 607546501 244858385 404880364 37173 32452622 358395532 95198 35067544 210146827 21444400 44256379 8616 10743661
4096 12 740102912771 256279586 183860343 290778521 136967312 917491001 326323490 656620143 59926 51082996 584523887 171488 48180476 270621937 32036298 77879805 20289 15688916
4096 16 1036834424102 363704846 261255640 424897123 198342470 1228992087 430089039 889474152 83074 67854630 788892053 282954 64009249 354174372 44832240 122431252 41285 21332335
4096 20 1336254860078 480430063 339465394 552779203 258935189 1536663606 475877016 1175009705 109879 88799268 1043771675 365365 76484555 381834977 57647648 176057106 76411 26255433
4096 24 1663174894857 588304183 416924738 680314021 317463031 1866628794 632413054 1370357922 136760 102829659 1215029269 463986 93854206 505092689 68547233 228745766 112547 31654996
4096 28 1988150999599 724878301 507573682 831546639 375986352 2183836818 684237466 1667595062 170795 124419630 1472033985 623454 107273486 530330363 81468051 297206425 176224 37606989
4096 32 2335529332014 874857959 612587651 981204196 435846132 2489678220 750398764 1937753934 200381 145253576 1705000148 740525 123369819 580195034 96622007 375366048 235024 43822073
4096 36 2800540314096 1063064176 734667211 1150540256 499072033 2803041280 784110069 2266155078 232286 172842783 1981425478 877770 141066007 573697685 113734267 473753386 217491 43071119
4096 40 3275097633208 1252567117 862791655 1309688010 549618908 3081901865 889664546 2473903100 261518 195210128 2151427814 991254 172293648 667042921 127450140 569372722 213736 42915765
4096 44 3759352707060 1470011834 1004360539 1450327965 598771778 3353760780 891043888 2789252007 316512 228880239 2416191203 1078685 197310663 657996351 142955086 685762736 247281 42228795
4096 48 4252835280182 1706948956 1155254358 1599119316 644335955 3613928714 869645759 3124032767 358999 266238086 2692060248 1213815 221703852 633811190 159158714 819161101 254710 42381180
4096 52 4729487692298 1894554625 1283298321 1699344713 683731383 3872122605 1012802114 3267416826 395637 284439378 2809680451 1400812 259937043 778705967 164433909 912184823 235020 40156605
4096 56 5271126600901 2132468446 1430669163 1821538986 724687905 4132755304 1044318491 3543062045 410035 317136040 3036403247 1517682 283198159 810195103 177964824 1043131943 186453 37898942
4096 60 5836585317572 2361412299 1580342230 1943716069 777749047 4422399595 1099716286 3818812104 466490 342761276 3268250716 1652147 311806432 848897750 191755066 1180617239 211208 36460263
4096 64 6377235300025 2586624244 1711294714 2018733871 796695923 4659518093 1125451897 4077078854 508448 381436667 3475678896 2131532 345762656 889322353 197808706 1300777500 185751 32703904
8192 1 49131048924 14298345 8452249 17671448 349239 66884234 6324849 67607682 44859 6044104 59951960 10816 3240967 5870036 30261 67832 12 986282
8192 4 227231310240 90652864 63980856 97292194 40802560 302844805 62662397 267194783 17930 21569425 233942512 45304 14101091 31937145 15033129 19769196 3907 5211905
8192 8 487385050593 185175663 132380912 214310186 92325293 570582242 173137044 446979914 40322 38969749 392102396 155101 33831092 135096607 26803080 50150992 11086 10751005
8192 12 765629151623 295876290 207901613 360345653 154012460 855552640 242793720 688269743 58374 59001200 605006217 206319 46880657 187463180 40195720 94589790 24377 15700576
8192 16 1069062520045 422207544 296938285 521509987 219954159 1153040412 331827924 922015222 91184 77484432 808693259 300207 63050082 251453200 56000213 152257294 42393 21006627
8192 20 1376621682544 548590052 383423422 666437738 278980641 1448252287 415964811 1159699247 105899 95622092 1015673069 430462 76412427 316137051 70907406 218066196 74629 25932658
8192 24 1718003498702 706754192 494751676 847685898 352073291 1764527687 534497401 1383057529 136944 114063212 1204399807 503915 93811702 392101146 89166581 302030212 113462 32177162
8192 28 2059896869401 868219458 603509874 1005132392 416806772 2071385049 586146593 1669669871 166375 135618878 1453414264 599527 106489522 413672369 105665462 393425424 177271 37373326
8192 32 2430837120576 1054754130 732989468 1179735345 486598151 2378263364 682071724 1918161977 212911 156667008 1658739495 763188 126151925 471901273 126127794 500615278 229294 43727247
8192 36 2918905931351 1274184054 877820694 1364631648 540738854 2652341827 732355416 2181765040 237010 182138856 1877315499 915807 147329217 506306112 143689359 628453294 205989 42686408
8192 40 3427976385221 1524623057 1036228946 1525392163 608581189 2914415760 680899571 2550837751 254731 220157916 2184595006 1036858 163999142 441455726 165128480 775462420 210779 41715903
8192 44 3919678542946 1746990176 1184008644 1689991709 655379032 3182633213 823725311 2711631239 297695 242865650 2306573731 1192549 200130214 565890050 178384886 908147274 206324 40976040
8192 48 4463554333223 2022323430 1360281816 1858180196 718553829 3441146716 831870033 3020141868 340289 282933897 2553617618 1308369 219921871 557318490 198854546 1076081106 260073 38596884
8192 52 5019319227117 2276261643 1514927400 1988861506 769825576 3717072306 820351617 3356711104 377038 319171211 2833240990 1452849 232988063 528410465 215056214 1235518499 228516 35990116
8192 56 5628067519239 2535565213 1683899896 2129272967 818607550 3970134999 906597414 3565991431 433298 347749693 2997413866 1561326 262329777 609237878 227208920 1394298404 204868 34184098
8192 60 6281097526552 2806991349 1849893068 2263424805 870753873 4241544707 968545130 3823653692 452278 382281632 3201123986 1794567 283824315 651571308 242763080 1566464589 233733 31081314
8192 64 6924113644567 3055707269 1993818547 2368065282 905234366 4479959228 1057125847 4014171657 520439 413872377 3346553048 2329980 314330587 748448361 248736248 1716329650 164813 27146199
16384 1 49031071515 14797968 8466446 17252965 335121 64721239 3254479 68943472 49694 5785988 60984736 6089 2851454 2871614 26402 77191 13 863903
16384 4 226401279190 88576108 62933593 95936533 40429329 296511593 60059502 262249169 16808 20329808 229475381 42095 13054933 28505283 14912084 18838302 3917 4713705
16384 8 487995378403 187855490 132662891 222934247 100030581 564229119 138091072 476511975 40100 38874749 418067359 109360 29531208 93484196 28911828 52242217 10261 9823705
16384 12 770609440306 303315208 210723248 375852138 161981043 831344176 176936313 731343733 59946 60096907 645475081 196728 41869559 122774578 42016466 101828005 27178 14586922
16384 16 1074727858048 433732914 302395437 539299200 226472757 1120860339 253136263 970927034 86354 77846006 855508753 312367 55931499 173761137 59058803 165382152 46522 19804024
16384 20 1395630116207 587795872 410041935 711744944 297219101 1423177015 335762672 1215802272 112213 96541966 1067719854 442968 70195390 221234696 78775578 247104161 83994 25138566
16384 24 1732656193823 755153467 523616350 884358150 364951016 1718243230 387005914 1490088727 138964 117447329 1304092998 497102 84485843 243818395 97120082 341733368 121232 30735171
16384 28 2092499456643 942271087 655489504 1069120507 442538219 2024040469 491869576 1721293594 172116 136143174 1496633799 646050 101448022 309822054 119210844 452421802 188416 37048854
16384 32 2470624280409 1140103086 788994852 1225559506 507482303 2326007585 543219777 2008715947 213114 157376488 1740731948 752658 116379989 324034911 139344605 575484611 260527 42292393
16384 36 2973989186351 1384089434 950594170 1395088974 567763780 2605822129 596051108 2278245762 234489 182932889 1960829223 896618 138831458 347333171 161552907 721386810 233110 40879129
16384 40 3488532499074 1632797368 1110530276 1557627960 625190800 2864665125 609128347 2570438578 262966 214782577 2201132632 1052456 156466053 348748160 181297552 879322076 217411 38827144
16384 44 4016098526162 1892968841 1275735460 1708049403 682862511 3124332946 612702808 2876722105 294137 247182479 2453093344 1185858 173410139 338660270 200003080 1044757898 257194 36614611
16384 48 4564564311748 2160810760 1450093577 1853593479 736469162 3386617277 631825083 3169099683 339237 280293301 2690803375 1344395 190513909 343905664 217783470 1222600798 284064 35157612
16384 52 5177273246092 2452699396 1636635881 1992142717 795458803 3660743776 660629743 3460791826 369044 308474949 2932509618 1425511 207138587 349569352 238847446 1413038946 247763 33283538
16384 56 5823871139610 2740857012 1820821462 2138043507 855220792 3930430725 706575111 3728012430 398390 336063038 3149712166 1567358 227128099 378017873 258454643 1610142560 205346 31621538
16384 60 6512737746969 3014603625 2002565101 2276198985 906657375 4196110086 755025595 3988003496 459068 363042698 3361724312 1765904 244848240 413245238 272581832 1800416298 205917 28871679
16384 64 7238575259850 3316625148 2186415105 2400773829 958974912 4476250106 815211319 4249547287 534702 390456816 3574946068 2277336 266528602 448855596 288990578 1998910428 149791 26897791
32768 1 48682718758 14377323 8713940 15876717 207148 63214066 6728218 62872078 51690 4823675 56239977 5682 3580984 6202793 49204 52666 5 856641
32768 4 226185756956 87316125 61351346 95661786 40946144 295092997 57426118 262912181 17942 20074034 230062201 51596 12740412 24036939 15346080 18547222 3957 4560015
32768 8 486948545186 188072905 130224414 221840879 103947130 555985753 106198923 502333544 37542 41172768 442843083 125376 25806103 61694814 29031125 53034408 9713 9047726
32768 12 770464225705 305982133 210548714 376856228 162782074 813148443 150166471 740655006 59740 61324768 654311878 229618 38849518 102160353 43094687 104824113 25027 13895688
32768 16 1072881049502 438187731 302064026 532336595 232207486 1101503344 207355180 997110158 92250 79637062 881851384 287823 52084520 131265174 60368146 171246311 48849 18728494
32768 20 1394739135845 599638776 414412365 700614075 301757810 1398758424 271897074 1256960677 106917 99565958 1105884398 396306 65477432 162144633 82380397 258836413 91148 24049512
32768 24 1735182075473 766383959 526880363 864181307 367291494 1686703632 325219410 1521979699 140013 119458220 1336366276 511388 79111306 187737322 99271190 355600827 131829 29975483
32768 28 2093599094039 961893718 663043967 1038832091 441225789 2003225001 421600819 1773376354 161098 137243365 1546808526 654232 95717689 232007347 122706768 472029831 208155 35734394
32768 32 2472462251345 1177756852 812588668 1194613872 507842702 2294590691 450269368 2072811736 206976 159762318 1799803368 781279 109982468 232469039 145713172 607557076 275969 41016623
32768 36 2983014933097 1421732846 970260405 1348991278 564785070 2556056749 455344300 2376896664 241610 187302937 2053686216 950562 126582831 220719254 166304561 761920379 249952 39524283
32768 40 3517498899120 1685650360 1140371780 1500961560 625311846 2835206299 475401770 2683403931 277080 218025942 2303972072 1070886 142910186 209837089 191910553 929003473 240877 37096166
32768 44 4056158459204 1960592675 1315184084 1649363073 689779062 3097024449 485810150 2983170740 294504 249989092 2552396887 1210840 155778322 205047891 213406147 1107529509 267590 35020641
32768 48 4620503117445 2223253887 1493716946 1782892898 744096194 3364991598 513776481 3269083089 329964 279257625 2788043025 1323608 168107530 214067998 231628844 1292341646 279351 33118961
32768 52 5252898415271 2514410681 1679013761 1930248438 801731824 3636696368 553516870 3546838151 375900 305109965 3015144183 1492834 186559546 232273135 249329637 1484221787 237999 31384540
32768 56 5916419859323 2791055805 1855062957 2067686178 861107218 3911893399 591972646 3824483490 414898 328548593 3245120681 1604579 203042528 250595784 269484490 1684694066 252438 29624834
32768 60 6629018316577 3093271057 2050525587 2213749343 912249120 4166157538 623242807 4087011171 465063 352237627 3461872560 1836126 220768146 280990123 283873071 1893170876 190908 28351958
32768 64 7373665786809 3392907208 2236782174 2347775482 973470716 4453465223 676047865 4360508693 542662 375085411 3689210021 2314501 238247827 303038802 302287481 2097760277 192115 26766247
65536 1 48631487978 14032459 8606454 16465585 224412 62572308 5410254 63796575 54166 4867342 56974288 7273 3391370 5072786 42073 50474 4 837027
65536 4 226386681426 87732444 61356271 96127954 41555618 293958339 54577648 265833925 22804 20901866 231719852 46970 11976474 19794015 15312004 18517841 4538 4315028
65536 8 485614915384 186781727 128744020 221291886 103462648 557526919 100423142 509163417 38896 41108742 449530962 132581 25137987 52027927 29104120 53401639 12108 8862167
65536 12 767591595026 302033740 205295565 368784207 163983629 806134003 114400510 770940083 59644 62358611 684419845 204943 35746375 68851686 41620972 104747557 28985 13447529
65536 16 1071402093894 444127301 304534663 527744999 232974329 1091320182 163573591 1033616081 87430 82137563 915838292 292428 48571751 90356491 62153908 175700931 52521 18010620
65536 20 1390306299269 599907430 411093993 688902342 300114301 1387947747 225615228 1295308669 107901 100933794 1143934788 406254 60787678 116908894 81489820 261577942 93554 23373734
65536 24 1729491874662 769661877 527188096 846526621 366925814 1677686207 285995861 1554817227 142600 120231071 1367626290 505585 75137894 145855390 100293923 361144686 140670 28869681
65536 28 2085935319844 971346693 667126618 1012730276 437479499 1987788268 363135546 1819634394 162311 139568497 1591034560 669849 89806520 175286153 125933300 483446488 217500 34319068
65536 32 2464483010932 1165547411 798496056 1150021089 497228825 2271212375 400337432 2100095952 203896 159470862 1830696333 815678 105106047 188286290 142073052 609532196 291492 39715810
65536 36 2985353908406 1424046556 968834588 1311751674 556692261 2529408030 406518560 2394929616 244485 185695004 2076649537 946681 122443926 183457239 166444847 773444968 254663 37793908
65536 40 3513807561507 1697913975 1148698679 1459489052 617096121 2782279478 418900144 2682078333 272642 213886476 2311657666 1056410 138348636 186492432 190483278 949490537 255460 36822987
65536 44 4058139608698 1970781968 1330654382 1609798884 676992284 3057975158 459470494 2964770761 308049 242387301 2540958078 1175422 154109381 198326879 211182120 1127626406 255156 34746237
65536 48 4642347223172 2263573954 1518946658 1750449228 732945857 3339394881 489233515 3263769399 345185 272058188 2784735028 1288338 168614467 197252296 235447075 1321969840 275056 33430170
65536 52 5285606525746 2541438890 1698399128 1892667919 797080133 3604219145 514476662 3543908484 382156 293999607 3021475996 1444329 181496115 208952079 251180892 1519229926 267950 31111272
65536 56 5970843704451 2822568988 1884419903 2033470231 851545030 3866575792 540556142 3823506163 437914 319556922 3252231885 1593559 198367912 224401865 270251534 1725141097 214637 29538396
65536 60 6677954440680 3120927053 2073734758 2179764562 915784430 4142497932 573101330 4105575400 467891 340692040 3488582663 1818199 213258527 237637374 289023714 1934144329 217871 27451125
65536 64 7450952187009 3418580734 2268499758 2309748419 966448914 4414853470 608592556 4382775300 534624 364937442 3717782572 2293910 230296887 255727818 306914939 2148437550 173435 26044062
131072 1 48729176546 14808448 8747986 17394372 324074 62362444 4710986 65008272 50411 5734675 57379661 5653 3128165 4420378 16991 45545 5 855632
131072 4 228779282154 92060908 64735715 98118232 43203971 296795047 54875261 268873332 19573 21424167 233905521 45233 12268618 18274604 16595734 20422198 5546 4453676
131072 8 493915538525 197244874 134913423 228543225 109366675 557983355 76682794 535929917 39817 43436170 474452999 113423 24800878 30026645 30748189 58822259 13760 9178118
131072 12 778747577188 317704096 217896572 376278593 172847438 813855916 97863027 797319033 58899 63473654 709542234 184670 36009056 48012194 44998645 113396224 30558 13625671
131072 16 1087591475743 461624959 317270143 536454376 239210993 1094923581 150091382 1051949906 79622 82942034 932539476 291290 49243298 77166281 63586989 186589653 52946 18741572
131072 20 1403691008752 621671297 426275288 691972584 306165461 1390801858 200829818 1327164300 106314 103078533 1172185057 451138 62203554 90619715 84365393 274774402 101544 23998536
131072 24 1742845730754 791204696 540986273 835674548 370806385 1676276541 241130140 1601092117 142183 122784026 1411473377 499166 74151573 102426757 102919447 375287625 154688 29101003
131072 28 2096117486029 986483467 675482257 990428194 436055822 1973143942 298768051 1872682298 164514 142023869 1643362533 607461 88702591 123612482 124295970 497694990 232860 34485124
131072 32 2479521693121 1194751151 818805026 1140731341 500324214 2258582444 344483657 2147058123 204220 161630980 1875120520 770903 103296522 143966124 147351588 630952571 297971 39333948
131072 36 3001479248400 1452260733 990989945 1299806003 566606646 2530927203 388285682 2418745515 237275 187165702 2097623748 912340 122333013 158734847 172702279 794939590 262561 38366233
131072 40 3534697327182 1724046262 1171841810 1453302533 623093527 2794991784 420025345 2697662074 256310 214623084 2324432516 1056918 139302941 170129631 195431480 971016594 246254 36438691
131072 44 4092564049314 1997563935 1344443904 1585132922 672167828 3046813518 433931921 2982611706 290148 243797161 2556104107 1160782 152860115 176998454 215239584 1155265106 255310 34443230
131072 48 4661276926265 2283016121 1526157349 1729641821 728792012 3301645276 459720898 3257410616 334830 272205918 2779730037 1301011 171392738 194043240 233348860 1348959933 296023 33323600
131072 52 5309227523330 2582791415 1714290078 1867741834 791797938 3581367988 497946745 3548831399 368330 304606654 3014514542 1433862 186008739 196864931 255441755 1551945141 279032 31052327
131072 56 5993099725103 2881672583 1910531920 2009145899 846020714 3835549229 522211458 3826080917 414974 333380110 3237575202 1617733 202233237 214132149 274321698 1764757266 218932 29667797
131072 60 6720405973889 3193211998 2124726404 2161975014 919021981 4135084211 593354504 4100660904 457112 361183430 3461106766 1794575 221361285 234000035 298467688 1973706205 216503 27779905
131072 64 7462830252787 3492698923 2299139814 2274646467 959864480 4386050549 601557611 4387651311 521773 388271966 3697049163 2466895 235560244 241856686 311691570 2182398942 220304 25837055
262144 1 48784161170 14700386 8703153 17196378 379742 62350442 4177695 65030913 46154 5376118 57800999 6213 3039410 3717659 32911 69436 14 856338
262144 4 228091197087 90450520 63249045 97195339 42376649 293836024 52705717 267589473 20163 20943868 233756934 41427 12157973 17616891 15943466 19932186 5037 4514497
262144 8 489261022601 194594225 132744711 222755947 107158544 555908584 73657383 537759746 39997 43860365 475704226 97467 23106121 25194733 30840288 57410504 13157 8778909
262144 12 773743765301 315227084 212243747 371552391 169420374 803336671 86629580 799989537 61632 65893861 710579600 207485 35194683 41085082 43672130 112485086 31358 13223311
262144 16 1077646901906 459569931 309164733 527847755 230072616 1082701403 131756678 1066594868 84386 90241760 939710966 298739 47570028 59815396 62066257 182621234 58112 18241070
262144 20 1397902048196 628105901 422342119 685464765 299769304 1371978840 187140740 1331067880 115380 112505212 1167267451 354056 59850416 81795074 83420296 273754743 107077 23648554
262144 24 1739935944333 801639394 539085132 837456944 367694273 1661538604 238759370 1598973932 137996 133883315 1398270783 522095 73221130 100744738 102317775 377621754 158633 28806673
262144 28 2097900164238 1004342240 678508444 999234081 440397080 1958237174 294276091 1873180744 170606 155138902 1628965927 613783 88686303 121349086 126730044 501132827 236797 34873501
262144 32 2491304921872 1222618555 830050516 1158681945 510656488 2260413393 367021091 2139905423 201102 174154320 1853533199 721774 104525754 149179768 151036259 641475162 320635 40365068
262144 36 3010051561708 1467051823 993632108 1310116464 565753071 2513476839 390601956 2409170325 235852 197243618 2075617942 911197 124800980 165096659 173242761 801366919 275369 38156861
262144 40 3537401510718 1734811347 1168424464 1448122249 611788224 2757240852 401771307 2691850496 262073 228470415 2303488254 1042308 141308243 170542193 192788892 971947001 271812 36676375
262144 44 4094423895979 2014443387 1345179460 1603840698 674591908 3015554152 444467427 2954411481 292184 256753694 2514123223 1142196 161700840 194616943 212077575 1159119603 259731 35019556
262144 48 4670202559709 2314645918 1550773308 1753673680 737435411 3296443276 501626245 3224846614 339274 286634039 2730327124 1299309 178913869 215144895 237490473 1362720893 307306 33052753
262144 52 5305225197436 2608525223 1732017408 1874541872 783739662 3549065726 514441122 3513887571 361436 317021983 2964854215 1454844 193169338 219784892 255161809 1563376529 272726 31439421
262144 56 5983217350356 2926054957 1935952953 2008790530 846467442 3815978070 550185229 3798444006 403672 352725387 3191275195 1560336 209147831 226931448 276019693 1771331265 235932 29572001
262144 60 6703408778628 3227572578 2127384901 2149523920 901424898 4071676825 577339380 4072504835 443872 381167478 3412975243 1770541 227170921 248184357 292459846 1983136277 231262 27730738
262144 64 7454656947810 3544693113 2321865949 2269314130 957735358 4349054892 613671484 4359856163 552087 410357668 3646940161 2365675 242642688 255403220 311001589 2199784496 192515 25671710
524288 1 48587376671 14408659 8563468 16258275 273721 62262239 4311101 64653227 49049 5336398 57647919 6894 3159432 3900082 25295 47249 12 841868
524288 4 227062190214 87930502 60626992 95071279 43116058 291841555 44193214 273860509 19795 21318011 240248148 44138 11099596 10333268 15587267 19506910 3824 4119246
524288 8 487209455931 192168069 130180034 222292641 105724425 552243000 72041143 535687170 40434 43978569 473261430 137426 23758901 25515252 29928721 55530988 12054 8568879
524288 12 770224980948 312995429 209347081 371263902 160650176 798807089 83748908 799185706 62726 66596281 707906906 216151 34794594 41019646 43610021 110454636 28385 13001998
524288 16 1073137430746 455933431 306136911 524898205 234443190 1082773301 128038886 1067773614 89372 89037627 943799778 297108 45674284 54353738 62233563 181396758 60683 18072252
524288 20 1393317837061 619609120 416239184 681541844 298834926 1366630332 180135518 1331896566 111331 112492277 1169478278 366741 58577164 76853954 82118031 270361960 106624 23377246
524288 24 1734482926773 797821473 534826219 833899047 361646071 1655459091 232476126 1601429880 139181 135816097 1398922746 528873 72019614 95345870 101912089 374834271 158587 28777114
524288 28 2087302340660 993939997 666596450 986259236 430635560 1945431514 282891686 1876682868 166600 157937758 1632109066 650850 86402469 112870792 122496632 495812699 242891 34142697
524288 32 2482286193489 1210986464 817112740 1154558944 507420414 2252347226 363438915 2136894862 208377 177746984 1848302073 795160 102561543 145669405 148335430 633984137 320848 39939694
524288 36 3004663241627 1468005496 993035845 1310661923 563473941 2513067089 396699090 2405290802 243864 199669594 2068809814 915642 122970132 164561543 173391779 798436253 305826 38272824
524288 40 3536033387968 1750242924 1177638778 1453434761 620816368 2761088265 408642318 2690674624 275602 229839105 2298455071 1036160 140468165 169116733 198387090 983881161 268648 36270348
524288 44 4091457221495 2020300338 1355288034 1598459126 672166285 3018920052 441142948 2960087587 302323 257163850 2520800800 1168419 158225982 185088344 215193115 1166007056 277696 34460422
524288 48 4663577869715 2327244536 1547480918 1741230773 729930819 3274368298 488023125 3222419857 337689 293126961 2722789378 1330958 179209007 211013798 236671331 1364856153 284727 33656016
524288 52 5305317578396 2631352135 1738170001 1873812102 789658414 3541124600 522694589 3503984560 376169 324372224 2948950183 1404533 195806247 221681502 257785794 1569822314 264641 31203975
524288 56 5988141959408 2938542902 1935525802 2003624628 844187908 3804181103 555358456 3792108680 418631 363694919 3172633234 1626853 211951658 229640181 278317436 1781819980 255490 29231176
524288 60 6697580894120 3251841339 2130054750 2141759388 895412243 4054267485 593586808 4051049774 478746 394386242 3379393100 1809048 232946398 259003716 293987405 1988244568 251645 26889023
524288 64 7465870371818 3575654273 2342422792 2295352878 961244724 4334598296 648222737 4316468084 556711 417136866 3597908280 2396496 254437245 285059443 312032526 2211996034 201004 24971430
1048576 1 48586773292 13909533 8511104 15858332 206437 62202352 4214861 65017720 48636 5008308 57674189 6360 3143534 3936223 25968 50075 10 818115
1048576 4 226073022348 87293540 60189616 94995467 42575526 292282289 46126119 271642289 18527 20650458 238943752 46419 11290870 11969068 15340932 18881335 4479 4279645
1048576 8 485709703948 188690541 128974160 222902269 104741178 553921542 72837945 534162314 42411 41993505 474307851 119058 23160896 26369554 29636276 54769613 12626 8611118
1048576 12 766470601570 308208433 207462089 367955652 165128866 802950999 83768278 800815119 59972 64669580 712311368 238925 33732742 37266285 42865295 108475669 31702 13141867
1048576 16 1073569983897 455018296 306429062 527567969 234681653 1089031739 130521252 1070131235 84879 87247265 947099676 306071 46161531 52928455 62766570 181081110 62559 17959888
1048576 20 1386664489040 608381855 410955834 679246882 298084054 1371430552 180508120 1329670340 109839 106840413 1174553783 418042 58706198 76277328 80837839 267388996 102534 23249404
1048576 24 1730074285196 793710759 532955191 837040066 365589494 1662653174 232445049 1604317639 140052 132208682 1405099103 564068 71172238 91576807 102174885 373563826 157122 28406558
1048576 28 2082470577393 984799051 662050976 987120729 430685600 1946619485 282632012 1872613807 163818 153332291 1632860882 718836 86341274 114734163 122324868 493772812 253742 34184766
1048576 32 2476488671108 1204549022 813293233 1149601832 506757967 2254850704 360410303 2140799153 214916 174966925 1854696291 779824 102492051 140765263 149041578 630050760 322302 39199595
1048576 36 2992066140616 1452014834 976064533 1292611155 553881170 2501157447 375284546 2412160170 254684 198888075 2080438628 1002888 120073386 154748860 169427559 793013497 295506 38256438
1048576 40 3526638142336 1724099757 1148542098 1450374624 611526019 2755910184 403440796 2685960075 293416 226561803 2302030815 1128644 140315549 167452047 191234574 969423896 264078 37088904
1048576 44 4080455196178 2006731929 1334880532 1577205342 662474688 3017555407 437144919 2963894467 336783 258142005 2524885616 1265078 156794898 179099405 213497705 1157560726 306838 35644635
1048576 48 4650366695411 2293270723 1521870018 1710337867 720085481 3263262594 454353443 3241043608 359498 289110435 2746352531 1456686 173804064 190447924 232259183 1354329675 351923 32090350
1048576 52 5288809347276 2604811892 1721776496 1865217498 773948063 3520303697 497212322 3504270043 411462 321016278 2955621797 1595380 193556849 216317349 251320420 1563111822 260868 30887298
1048576 56 5971081907083 2925908983 1927023531 2004965880 836841113 3787901873 547205073 3774150042 448764 355356796 3165234921 1787626 213018229 238512383 274186314 1777854524 228951 28435564
1048576 60 6686211470414 3251249002 2132147849 2145959333 901896849 4062115605 602601735 4042251268 509216 387888134 3376759950 1983815 233699645 260446538 292823473 1991706143 213810 26868295
1048576 64 7429375159143 3547710547 2319496248 2278819581 954133086 4326603981 636791750 4313298960 596142 411887149 3601783093 2546230 252576537 281650898 309558197 2196770558 169500 24991052
2097152 1 48654279570 13975870 8545748 16009556 260786 62280358 4412301 64541788 49107 5488966 57602534 6002 3146315 4002736 29587 49670 6 822669
2097152 4 226404103865 86784970 60785377 95665227 42377350 294232188 48959796 270487606 16941 20310965 237791769 49011 11634834 13250241 15621897 18489082 4653 4317900
2097152 8 486100472477 189243215 129458911 224823725 105411757 553198562 73424606 533285754 38376 42351743 473178085 129210 23109440 27312060 30037744 54487212 14606 8814642
2097152 12 767350118196 306392606 207849880 370077408 165604218 807585599 88584701 798753379 58040 62133544 712398996 231295 34301591 39226245 43702826 107322145 33699 13100965
2097152 16 1066597426006 441802108 298678145 519238798 225818394 1079887532 118566891 1069753063 86321 83518867 950669095 366423 45521878 51326995 59630948 175917612 52674 17818227
2097152 20 1385154877431 601565088 405330964 675379998 288396330 1365342761 163635283 1339453055 118352 105241939 1185047351 440467 56590702 67239059 78052786 265378956 100268 22739275
2097152 24 1727908503803 789954043 534628610 833458971 368685273 1670832495 234332478 1605084082 151767 126147081 1411596092 639881 71119479 90352760 104067388 373384329 165264 28300983
2097152 28 2085026907353 977437769 663645280 992411899 432578736 1966648319 299583771 1868738215 190511 147610573 1633821908 828989 84929640 117735693 124446502 492782613 229654 33928178
2097152 32 2472304094092 1178725496 797633646 1143854205 498674038 2258579299 354725558 2143506191 221172 169021235 1863970692 927804 100648011 138102586 144114739 623265645 320164 39466034
2097152 36 2990167232646 1430351199 965606769 1298764804 555746464 2512618418 376501522 2412980960 259633 190109584 2091208869 1010710 120330534 152352876 166572478 787032955 278394 38683967
2097152 40 3525813243283 1717029194 1152585958 1447422532 616245260 2774961180 415732856 2684884466 297889 219851031 2307673101 1189719 139128213 166487157 194053087 966816911 273608 36168492
2097152 44 4083580166094 1998114258 1342792620 1591909571 670758986 3030817601 449249116 2953598182 333174 245364533 2524716009 1300048 156672535 188586425 215733842 1155365805 261722 35403972
2097152 48 4648470732646 2285759307 1521860934 1709609914 719245175 3284007160 461877011 3247360696 378585 280797272 2759523691 1493802 173096848 187055721 234483933 1352132546 286980 33309543
2097152 52 5281370127819 2583329701 1713703550 1853143769 768113879 3535243392 505424656 3497851465 422936 309411801 2962072600 1632597 192120555 218845536 251580979 1550847953 260496 31124250
2097152 56 5974461092745 2902869546 1919466273 1987714824 831403854 3807356789 545746199 3782717959 449887 342082476 3186768196 1844526 210348536 230016160 273071517 1772671067 231184 28707914
2097152 60 6689333874648 3228110418 2132445118 2149662257 897694030 4076368689 605660747 4032856362 537446 366641066 3389071293 1997194 233520138 266724831 293387764 1983831535 199301 26976182
2097152 64 7435093260212 3547430107 2329287458 2259478224 951514383 4341041570 634960620 4320354463 588489 402844915 3616365158 2552170 249816651 274902597 311216455 2198907381 212840 25124708
4194304 1 48556850190 13954381 8504410 15926520 286544 62193288 3866467 64817968 50621 5111602 58083228 6142 3026475 3556595 37767 74459 7 819270
4194304 4 225888719365 86104957 60634592 95788272 40617881 293405152 51763034 266857448 19812 19855700 234223310 39990 11772803 16663358 15064426 18004164 2787 4346916
4194304 8 485381638115 187404158 128280282 223961006 104764813 555768972 74174507 533783818 40368 41132328 474353543 119901 24080467 26795018 29977609 54208926 12145 8650635
4194304 12 766229733980 303788235 206957767 369566875 164147473 805853330 85141919 798885260 63439 61049351 713677247 262680 33937812 38219504 43299016 107848290 31409 13157858
4194304 16 1067891418310 439860307 297274228 525374552 229952150 1086639335 124947782 1067131612 97448 82171938 950494808 402278 45449800 52978963 58977167 177255444 55189 17703485
4194304 20 1386140393589 599791999 407499409 679517706 292602570 1374959448 174645125 1335808217 124271 102105256 1184366126 552058 57317127 70835787 79884161 266254322 101307 23053862
4194304 24 1728069108701 775804958 526754364 833891179 360703382 1671550721 231571447 1604329393 163331 123245507 1415477661 655557 71166162 89645743 99952295 370351869 152580 28135647
4194304 28 2082204631479 975216930 661393208 992687897 434376277 1973433919 297618866 1872591152 191167 143179046 1643346535 737478 84201867 113707853 125236608 493257102 245899 33348073
4194304 32 2469110716419 1178480262 801912858 1140677354 500806060 2259577387 346888632 2147254654 237896 163861663 1874408938 910187 99620621 132928680 145084561 626639182 323522 38907127
4194304 36 2988144556433 1428669789 967938115 1295274382 557222564 2515682176 368768440 2418207325 266816 184803043 2100524428 1043123 118858217 146624840 168989111 791526039 269072 37795817
4194304 40 3525074693761 1706241526 1154221455 1448737056 618166196 2784948605 417040428 2685119510 321490 209957525 2317197000 1140646 136770976 165243622 194031837 971238559 244726 36401952
4194304 44 4076790453596 1979882996 1333467136 1573421797 666214656 3027420865 417933046 2974270918 346492 240309390 2552325911 1276053 151833596 167208422 213869138 1156970846 295434 35555562
4194304 48 4645014363706 2280776301 1523846794 1713831049 722551048 3291915149 466916873 3240184311 384720 272507073 2762489870 1484656 171701368 190518806 235144675 1353406918 298412 32910388
4194304 52 5300848359797 2577638652 1722475569 1858477347 781683716 3553793092 497068361 3517365560 432176 298754173 2988475847 1589608 188494852 203883785 255733049 1561308076 269227 30595901
4194304 56 5973927583827 2896518155 1919382136 1986774757 840064836 3836062773 547304534 3795626464 494090 328954700 3213022993 1829709 207562034 216864513 277684162 1772307841 238786 28455236
4194304 60 6679664009699 3204559803 2126371434 2121511827 897232464 4098072224 583605654 4071933012 526886 360307662 3433465590 2063845 224842241 234814244 296874595 1985479203 199071 26797093
4194304 64 7442054042760 3505567425 2312058778 2258991754 950589762 4353240479 608193384 4340277407 573363 384215650 3655989800 2614111 242760514 256472677 311440754 2192951116 195278 24586963
8388608 1 48609298524 14224349 8587096 15843391 214140 62231090 3998425 65007986 50036 5087065 57976063 8364 3035961 3641746 25157 53084 22 805241
8388608 4 225779766394 85324041 59833338 95275536 41747392 293586080 49241817 269317516 18888 19721190 236526065 46955 11674444 14526262 15382783 18149190 4450 4207972
8388608 8 484845589843 187872423 128536849 223986001 105655987 555899081 72462989 535720346 44267 41576728 475800684 150658 23287410 24746311 30077969 54058988 13841 8504398
8388608 12 767079518646 303371428 206979414 370866324 161443524 803869419 83026523 799438907 66656 60781218 714371107 274973 34693379 38737872 43333078 108452356 27919 13150591
8388608 16 1067022943536 444179566 303035689 522998770 225327936 1081576370 116686780 1069358415 93988 80440038 952832995 379962 45085333 50880316 61804745 180077854 49184 17759108
8388608 20 1385666260352 600316006 408440984 678372704 293866870 1371523952 166630263 1338507706 119339 101458300 1187487475 489512 57128840 67837361 80494317 267011046 97981 22996635
8388608 24 1724434346781 778542063 531682333 833123020 367653029 1678022384 236062847 1603607351 148070 119640614 1417127616 603024 69799687 90499672 103887658 371354731 152841 28416798
8388608 28 2084800481850 971914928 664662686 996577911 438042657 1978093200 303833579 1866941963 181576 138131134 1641339314 727162 84974043 119007917 126465541 493938909 240894 33898776
8388608 32 2467021570390 1184836043 809331609 1138577103 500120396 2259645394 339365420 2149614343 218791 160281021 1880005503 846739 98992577 129434541 148027517 631138480 304265 38958291
8388608 36 2996559117466 1436854789 982329206 1306331976 562823348 2534455613 392516180 2412002093 264494 180795453 2096898804 993242 118975349 153446966 172666787 795325804 286326 37786334
8388608 40 3520816304712 1693090269 1144245181 1447449484 611479213 2770680653 400699723 2682909135 286792 205303622 2320186084 1126131 136889825 166983475 190431599 968906881 275333 36450125
8388608 44 4067244860063 1962913396 1323142235 1573632951 665564005 3038906472 429900800 2966191532 325412 234077451 2552332867 1259906 153817259 171224812 212080717 1151016754 272766 34367656
8388608 48 4648407317094 2267420673 1518536021 1730237880 718458992 3291432980 458210483 3238768760 375378 262380550 2770820686 1436802 170894281 190978909 233900504 1358248162 290490 32786478
8388608 52 5286094342669 2557146675 1710978498 1841755831 775979721 3555304382 479583778 3529219870 394255 292423631 3008224691 1611361 185332640 192453232 253686278 1558366054 307764 29969737
8388608 56 5964232800755 2859812596 1892926261 1961072982 825470142 3817477048 501297219 3814848362 462216 320322124 3243144466 1781254 198422836 199813823 270333812 1764308647 236734 28519474
8388608 60 6698414579918 3176665150 2108070488 2121231960 890120389 4096619136 561906200 4077666050 509586 347038604 3454226579 1976893 220953952 228227543 293182957 1983836010 218101 26787819
8388608 64 7463543055276 3487186278 2302462567 2240194522 942287676 4362300000 586360693 4362133633 559445 372140292 3688972494 2542559 235944340 239286585 308499035 2196039570 215788 25151388
16777216 1 48630077667 14423927 8543295 16127685 201721 62248733 3955260 65148789 54602 5093178 57952889 9150 3017779 3659253 20692 53595 13 807653
16777216 4 225676890028 85335119 59988458 95093529 42831816 292892942 45425574 272588413 18340 20368893 240740736 47059 11311233 10558756 15064115 18132728 3901 4046194
16777216 8 485279911597 186650713 128063159 223703055 104035125 554811640 72906104 534284803 42332 40477297 475512872 165659 23037892 25555510 30013309 54065457 11365 8594006
16777216 12 767103498674 302249809 207357060 372640665 162862047 806357955 87635201 795757000 66865 59548368 711559852 232180 34196986 41701514 43556614 108115142 30999 13137714
16777216 16 1068249359395 440427484 300739998 525347960 228709642 1087300214 124195144 1066298755 90419 77707699 951479665 343535 45640989 54315050 61245787 179253288 52924 18001927
16777216 20 1386935631562 601271394 410705338 678564535 294426574 1373167353 166546050 1339972559 119242 100110428 1189633788 466006 56833526 66814658 81722523 267355853 99776 22766791
16777216 24 1724149318890 774934825 529786876 838168295 367186434 1680628014 241295225 1597796486 138440 116736068 1413612268 566703 70238243 95803023 103272754 371327232 144965 28351341
16777216 28 2083996758835 976937471 668629918 989676256 439338167 1981292168 292423038 1880294479 175819 138214054 1654221971 737064 84266760 105513853 128186348 497202965 227841 33599527
16777216 32 2472604600708 1189739707 816617957 1154559383 508719454 2276073479 361371162 2141913181 205661 155648116 1872404430 810891 100149357 139617227 152197143 634847701 314255 39211779
16777216 36 2988546427896 1426159210 974267174 1298540706 557188205 2522604628 381723000 2406790420 241852 177088765 2095945166 964354 118657738 157065648 169226560 791344248 264984 38647413
16777216 40 3523385318204 1700505842 1154091001 1437256554 616755923 2798853541 423608222 2684061466 279309 203264974 2322042037 1057533 137035346 165702441 194952903 968447908 266397 36471178
16777216 44 4073596192020 1969426289 1326040387 1573463540 659846951 3027294538 415806662 2968522918 298409 231850552 2553426647 1154280 152239708 170487757 211845974 1155805380 282875 34443637
16777216 48 4656450919958 2273628770 1528208333 1722887942 729289851 3316604200 472570490 3246312762 357338 260102956 2779540495 1333043 169595513 183741226 238075138 1358891118 301750 32645056
16777216 52 5284145492436 2559091981 1707531342 1843137258 773958620 3569009272 488924518 3528048809 394373 287308918 3010825407 1583960 183840440 192347635 253823414 1562391973 273906 30764664
16777216 56 5973396922249 2864776995 1909142838 1979088188 831201438 3838266755 524980460 3807335083 437664 315660214 3238683637 1693962 202590035 206752800 274785680 1771890488 266983 28723188
16777216 60 6700787307300 3180183306 2106717521 2116203787 890903520 4104128346 561101927 4080579389 464088 341714844 3461238990 1969928 219535680 225537708 292192229 1992109590 178474 26900993
16777216 64 7451031130382 3479080846 2303497856 2228612421 936096189 4370068455 583882858 4369112771 534429 369406392 3697739821 2448652 233440569 231823636 309112479 2197117194 223802 24930781
33554432 1 48584357776 14280830 8731763 15905277 292751 62280155 3284903 65353283 51017 4754879 58610027 7618 2926891 3044952 52822 80108 1 816622
33554432 4 225652343170 85325855 59839076 94984222 42297586 293661145 47054875 271368482 17280 20013333 239107596 54060 11371684 11966996 15289178 18171755 4791 4129589
33554432 8 484867200180 185456886 128701864 224626676 105098284 557876623 77820513 531147885 35486 39250724 472432792 107508 23174038 28591678 30008906 53899584 11476 8847367
33554432 12 765933077483 304053840 208533813 372051392 162886532 806297762 89795103 793862710 56857 59385879 709508727 216131 34099941 43407620 44030719 108984400 30008 13096055
33554432 16 1067698524818 440296236 301509744 528604745 230643981 1089983213 133255259 1058527119 86104 78506924 944051158 317939 45321449 60660319 61662351 178194475 53933 17950106
33554432 20 1385265859508 596111642 408890622 677913304 293767145 1380582458 177961005 1332776966 109801 97429166 1184250601 436861 56840357 73202369 81554932 266366851 103754 22990032
33554432 24 1724588749399 772096523 530125464 837767049 362093844 1676230735 237635465 1596147675 128121 115987155 1412664261 545714 70551382 97142895 102058657 371211220 147514 28168201
33554432 28 2081883601468 969252376 663824208 1000085970 431031174 1971069844 301148418 1859561032 161066 134261599 1637490519 620202 85105819 124130332 124804820 495952101 220561 33870998
33554432 32 2467232011706 1177305901 812481180 1151809188 504604476 2274430883 365317248 2132316975 200639 153569220 1867349786 742618 100870306 145649501 148542454 630651198 299828 39452947
33554432 36 2991425783456 1428118256 977187190 1302115864 557318236 2534951518 394963031 2401877040 225841 176075310 2092827771 911882 120009910 160320097 170366029 792855004 286139 38628171
33554432 40 3525751732137 1699610418 1154187893 1442770765 613038837 2797769719 423492062 2682804924 263747 202555518 2321373877 966930 138570564 167163807 195206525 966673295 284248 36698050
33554432 44 4071877561729 1968384135 1331497742 1588512576 667182071 3048703536 449672554 2951633151 291735 228475099 2541667849 1146177 154804098 184612589 213946061 1156650042 258918 34762560
33554432 48 4661188607835 2258779750 1524800050 1722752504 727526773 3316369405 478509644 3238763408 327489 257846162 2773107277 1258942 170895471 189667508 236898432 1356741075 300645 33024677
33554432 52 5286281469459 2557798478 1709603253 1851105661 768363826 3559991750 491664734 3515631653 359879 287330031 2999118924 1435119 187546645 202731753 251437902 1554256919 293520 30189704
33554432 56 5964475102325 2860534449 1910478771 2002287973 841645794 3841638118 555837589 3778403494 406557 315488861 3210328197 1637160 208024892 228652850 274406338 1768980844 230220 28031611
33554432 60 6682407122016 3176541082 2109749090 2115870224 890894964 4109489314 575586053 4072237911 438230 342694308 3452609478 1820919 221879632 229600790 292615329 1983124591 200936 26363932
33554432 64 7448591568153 3482647902 2302555494 2255371369 941674735 4367230016 614058718 4332247087 513326 365586610 3665647740 2291330 243181068 261574178 309629065 2200629002 231918 24772100
67108864 1 48646599894 14265153 8579692 16069592 309893 62300353 3548017 65333952 50358 4947037 58344679 7454 2863919 3277702 23977 65745 4 821132
67108864 4 225866717422 85614770 59817134 95137446 42868643 294244749 45691803 274010142 18812 20457949 241059222 50050 11152538 10212652 15308200 18215647 3578 4088061
67108864 8 485108821241 188144108 129823492 224563311 104650310 558303213 77716780 532386657 37988 40208547 473209200 112769 22992473 27585507 30678676 54304290 13912 8537024
67108864 12 766805470543 304029317 209060753 374548979 161697042 806657363 90465013 793109464 56495 58839570 709059155 189876 34283046 44065554 43884478 109132815 28013 13219863
67108864 16 1070370479903 445356267 306712057 531143001 232382897 1095583066 138123453 1059119190 82717 77838433 945072955 310070 45486785 60908776 63876916 181541874 55387 18020992
67108864 20 1382915039504 595571824 407753776 682675107 296640497 1378821007 177445382 1332512009 101584 97289649 1184825477 406518 57686379 73224928 80850382 265952436 97757 23167557
67108864 24 1727293134672 774164031 531933478 846075140 371092641 1683900218 258178312 1580207553 127154 114318853 1399788183 499211 71562659 109743082 102492734 373370245 150836 28472165
67108864 28 2080485846130 973348662 668643316 996731984 437935143 1975830076 298890040 1865939189 153399 135221378 1643774218 641668 84005293 119198356 127386650 498867500 224526 33612021
67108864 32 2462265336195 1168277611 800185016 1152599086 500503905 2267619300 365526247 2123087106 181899 152142167 1860597607 685499 101047691 153050437 144406430 627546031 293609 39342401
67108864 36 2987899971721 1426568245 979710662 1301978067 558762595 2538052846 403704182 2396704510 217128 174678693 2088191812 861845 120123407 164526249 171186053 792040004 297086 38245095
67108864 40 3515412312280 1688326520 1150764835 1447648617 608674093 2779644007 411056977 2675043387 248803 200036521 2316324507 994843 138278020 172838476 191221431 969160088 269543 37030553
67108864 44 4070562265178 1967498867 1333199238 1588026588 668624260 3045844930 448976241 2949770812 276618 228332878 2540379942 1158006 157068372 184153499 212323563 1153722833 294663 34203990
67108864 48 4647720987112 2257587320 1516833219 1736826036 718440165 3292576522 484113566 3208955411 298233 257152319 2745067792 1279426 177499488 212060139 230783837 1350533026 313499 33302628
67108864 52 5282590447214 2552970369 1702693065 1874421221 778198237 3575984805 528421987 3490030783 345046 283154294 2977138458 1460110 193279005 222857192 253199606 1556390030 299766 30693485
67108864 56 5968263013542 2885831602 1921851316 2005716786 839754393 3842396956 572122473 3759956256 395533 312742603 3193551047 1586284 211707455 242507892 274916394 1778066217 277894 29163361
67108864 60 6675925914726 3190515260 2125598229 2142666600 902974124 4123054715 621627714 4037673188 445602 341863940 3419128848 1724113 230783022 258034046 297647458 1995355290 249179 26913104
67108864 64 7429552044547 3493561522 2312399836 2267691472 943290660 4352421489 628402559 4303831092 509861 367426784 3636572781 2265391 249909329 280543887 306841232 2204309710 222914 24734706
134217728 1 48652425100 14490313 8662053 16249528 323448 62248190 3449562 65431899 48654 4850066 58518856 7215 2883157 3231839 26020 69598 7 813328
134217728 4 225683916148 85751347 59818847 95057652 42255342 293378610 44949926 273436142 17054 20280970 240917331 45272 11451771 10362874 15219919 18245711 3739 4175222
134217728 8 484652559974 186470836 129463981 224466107 103835338 558716650 76884219 533249197 38734 39415592 474476351 115754 23339595 27178900 30760716 54177397 13257 8656583
134217728 12 766319097458 301369382 206673942 373605191 160902155 807193732 96865673 786337122 53397 58636387 703203666 210706 34589808 49348598 43309974 107644970 27232 13266628
134217728 16 1069771284678 441701541 303975239 532913901 234080182 1097662532 143712886 1056833413 81172 78188142 942461076 334751 46551939 62458607 63033529 179070668 58813 18142131
134217728 20 1385466899178 601701591 413462437 685722686 299482650 1381788310 187095144 1323247716 101177 97006149 1176771738 421971 57518455 80630512 82561636 268931139 95908 23171457
134217728 24 1724740085076 772984173 531366972 842960430 367302921 1678294839 250252485 1584842323 125981 115159374 1401811048 517476 71400439 107335930 103063822 372063243 142386 28310437
134217728 28 2084875578896 963432671 662978610 1011586822 440040220 1984228796 324354794 1846013478 149447 132765674 1625754988 625906 86351329 138488030 125135918 493756099 221217 33970058
134217728 32 2471793242682 1183089090 815301174 1175877761 511864950 2283306212 397469779 2105895826 186244 149766092 1843180637 715037 102752243 171815399 150653221 636475654 315238 39810669
134217728 36 2983171234421 1420710816 975829378 1311897680 561673180 2538609028 418769721 2378140125 221443 172485823 2073346065 864876 121632869 179699361 169163449 791809728 285025 38504880
134217728 40 3522460145988 1698115160 1158670982 1461058577 615092153 2785065331 432212486 2657263787 244373 198445409 2300525402 985703 140665988 187293782 193539738 969349158 260717 36947981
134217728 44 4072354492379 1977782232 1338045938 1600479954 676718865 3051879546 460217582 2943782991 285691 227181067 2533354358 1091294 157276776 190018355 215154243 1157469990 350440 34712770
134217728 48 4645997010662 2272866799 1531415635 1743694608 722421463 3306347234 516496002 3187099849 310144 256266411 2725556145 1225995 181594944 228944756 233824853 1358833237 350800 33191594
134217728 52 5277907949154 2553095257 1705072643 1873039825 770397954 3549105889 517497946 3474647602 340826 285616886 2963835567 1380406 195845694 231135081 247815541 1559269390 283831 31258419
134217728 56 5961350898061 2874614694 1917920334 2036374768 844932484 3834720974 609986678 3713851823 378335 312707331 3148430694 1535160 220763700 278368015 272031099 1774623368 261890 28675264
134217728 60 6668317868786 3176213736 2106576550 2164495663 892035511 4086044880 627629001 3991882619 414922 341812625 3377544074 1736010 238954358 290014576 289201810 1987693773 240897 26299610
134217728 64 7433569995101 3509190521 2319047595 2289555947 943593103 4337664193 656638652 4263084264 481987 371950868 3591905175 2229472 258049892 312237996 305465148 2212467105 243525 24181908
268435456 1 48550210572 14172596 8624961 16004276 444469 62185561 3361114 65356618 48979 4921658 58523655 7893 2843854 3122562 32647 72838 6 833212
268435456 4 225316680197 85072116 59732677 93883359 41341045 292506089 46676183 271203061 16827 19726089 238680356 41543 11567273 12430092 14947555 18086057 2957 4056274
268435456 8 485184680299 186880373 130619748 226009160 104782194 556993687 83413723 525378301 35764 39458428 466115350 115386 24170082 34096501 30836195 54019595 11695 8759505
268435456 12 767027553874 302572897 208784981 378708364 162546528 808152300 102772446 780102353 55203 57166489 697043248 213331 35913754 55109679 44189168 108364880 27549 13296212
268435456 16 1068714491073 440043852 303933922 536510117 234263087 1095433194 154829201 1040000446 79033 75416169 927213791 293254 47152735 77115660 62776672 178690357 52134 17967539
268435456 20 1387381634980 603365287 415935350 695620391 304220529 1390343189 205897362 1311338027 98776 96591506 1164758923 378861 59772380 92653640 84602875 268957750 97145 23330601
268435456 24 1724184932334 769417604 530394491 853157365 369874584 1677308414 270595706 1559064850 127547 111320129 1380559396 467679 73434820 129800332 101985045 372301238 130830 28833743
268435456 28 2079113876729 964636480 666769774 1015109532 441308363 1981802136 343427691 1823315024 145490 130799140 1604654175 606689 87242856 157884031 124903975 495040457 217275 34163923
268435456 32 2469555360355 1175173393 814520706 1189173103 511247693 2279411446 426409698 2068022526 186695 146803633 1809479669 701017 105407588 205363352 148634032 633654597 277831 40038976
268435456 36 2984689741538 1425595948 983248514 1331861947 564375488 2532176321 444253202 2344998641 210608 168793894 2039921910 834913 124986174 211934114 171222985 795503907 274171 39203642
268435456 40 3514894646856 1695774373 1161064458 1489318713 619272208 2781516989 479050051 2601266452 244134 194635329 2247720399 954127 148951034 235203180 191375094 968232347 258756 38127946
268435456 44 4071590222819 1973137123 1344623254 1636535712 673993323 3033770859 521116199 2855622027 267357 221404795 2452335448 1113833 171527672 263548075 212516730 1151484843 287537 35819498
268435456 48 4636816551728 2274890774 1536528029 1783845065 725596531 3286284757 559638745 3122560653 317421 254919944 2662351799 1244457 193500024 281520492 231075914 1359156114 282822 32792818
268435456 52 5270707303476 2584334508 1733968145 1922964207 787166159 3548254758 602507533 3387118168 341965 285063820 2873257542 1341232 214387685 302945896 252177318 1567818794 278311 30490605
268435456 56 5949188553858 2899075516 1932522664 2064194666 844182961 3808671556 658915091 3637479519 376519 315252435 3072093206 1544519 238708400 335564343 272104102 1780965709 241745 28294649
268435456 60 6665422216530 3204957792 2134616876 2196467830 891261055 4049583803 681700915 3902031168 394442 344450153 3282984298 1702232 258681826 360135543 288121627 2000679527 235544 26279483
268435456 64 7396178954928 3536284535 2348072951 2330876909 952537292 4322398091 760616409 4142750331 505815 374904404 3472356101 2196770 286545610 401617717 307299889 2222064172 227756 23179542
536870912 1 48711978253 14143127 8483104 16067986 152018 62040391 3119917 65986987 50277 5080811 58871118 6149 2826720 2693878 28393 32252 2 816612
536870912 4 225602647884 85252537 59451446 93884581 40776806 292595352 46364191 271281748 17570 19992216 238163586 44414 11889544 12327695 15016685 18060608 3422 4244707
536870912 8 484534574008 186774334 130096040 226136705 104099836 557836255 82636810 526273192 37361 39301979 467770956 123529 23512668 33071791 30639100 53915062 12463 8928402
536870912 12 765595281645 301914863 208270040 377397788 161357850 808168383 101905486 781574347 55325 56882498 699252975 218152 35412708 53593985 44148945 107361426 25120 13220019
536870912 16 1069820090732 442532069 306628307 540026407 241166019 1102162801 159737149 1041344279 80005 75806084 928764921 297394 47953085 76577364 63980467 180391206 56618 17960623
536870912 20 1382368224382 595896945 409971552 690206579 296455080 1378298279 198251706 1305078081 107475 94800684 1160670507 401520 59326555 95709950 81680068 267358676 90449 23161421
536870912 24 1726252605314 774417255 534851348 859915639 371286214 1685070929 280012237 1556436811 124158 111734006 1377304684 487343 72857518 132302251 104196740 373801566 142557 28526237
536870912 28 2084400104003 971998446 672371335 1032851829 449222428 1989886333 358072645 1814370108 156580 130473691 1595655544 579428 87927081 166044588 128627771 499298955 223557 34124059
536870912 32 2468629580383 1176094542 815065595 1196296977 510866185 2269376603 418614193 2064689548 182053 145427562 1804965085 676972 104602013 209477650 148880690 637962854 273043 39892665
536870912 36 2988714540440 1428917759 981072919 1348795654 564123551 2533365314 461868125 2325124534 212248 167462137 2021769111 837277 127701514 227895390 169961880 796341810 287462 38944812
536870912 40 3523317181134 1688952645 1162768673 1527801651 628525261 2798965613 540530224 2552205509 237395 190987401 2202001269 973323 153368509 280220519 191156796 965679652 261913 37513497
536870912 44 4074557922835 1974235658 1350533541 1673843968 682454215 3051887577 566162559 2824482528 270416 215581541 2424413604 1147035 174753192 293684237 213767579 1158408825 273777 34787500
536870912 48 4636013331454 2271829059 1534967842 1807535342 733556203 3309081806 627360598 3065269654 303103 247498055 2614312356 1223837 198854274 331329781 231623126 1351143852 306654 33339825
536870912 52 5273226738964 2582316825 1735506843 1946406855 786105114 3548824286 657459602 3326831369 346282 280093374 2818966137 1323852 222344053 354508990 251715352 1567048366 258986 30590819
536870912 56 5948275571317 2896305829 1927427747 2092787233 843350627 3804607844 698207370 3590211272 360866 312661989 3027007583 1504400 246088796 376731465 269579335 1777752168 249688 27719649
536870912 60 6649006720711 3209117914 2133734254 2215877662 891378858 4043124062 723942716 3852903968 401272 345929835 3234758954 1725456 267844739 398681197 282899019 1996672762 232692 25032511
536870912 64 7390341367556 3527673775 2339852319 2380495211 956206900 4299922368 793919080 4084536665 464039 376429605 3413302349 2236273 293696345 450496286 301397154 2214446150 227693 23039720
