# size thread(s) cpu-cycles node-loads node-load-misses node-stores node-store-misses node-prefetches node-prefetch-misses offcore_response.all_demand_mlc_pref_reads.llc_miss.local_dram offcore_response.demand_code_rd.llc_miss.local_dram offcore_response.demand_data_rd.llc_miss.local_dram offcore_response.pf_l2_data_rd.llc_miss.local_dram offcore_response.demand_code_rd.llc_miss.remote_dram offcore_response.demand_data_rd.llc_miss.remote_dram offcore_response.pf_l2_data_rd.llc_miss.remote_dram offcore_response.demand_data_rd.llc_miss.remote_hit_forward offcore_response.demand_data_rd.llc_miss.remote_hitm mem_load_uops_llc_miss_retired.local_dram mem_load_uops_llc_miss_retired.remote_dram
4096 1 3673007 3582 2861 0 0 0 0 0 0 0 0 0 0 0 0 0 0 0
4096 4 5914743 4994 3968 0 0 0 0 0 0 0 0 0 0 0 0 0 0 0
4096 8 9182623 7467 5985 0 0 0 0 0 0 0 0 0 0 0 0 0 0 0
4096 12 12066611 9116 7443 0 0 0 0 0 0 0 0 0 0 0 0 0 0 0
4096 16 14684026 10111 8317 0 0 0 0 0 0 0 0 0 0 0 0 0 0 0
4096 20 17465520 11863 9521 0 0 0 0 0 0 0 0 0 0 0 0 0 0 0
4096 24 21047458 14304 11702 0 0 0 0 0 0 0 0 0 0 0 0 0 0 0
4096 28 24026648 16451 13244 0 0 0 0 0 0 0 0 0 0 0 0 0 0 0
4096 32 27709312 16994 14616 0 0 0 0 0 0 0 0 0 0 0 0 0 0 0
4096 36 29722356 19305 15887 0 0 0 0 0 0 0 0 0 0 0 0 0 0 0
4096 40 33661919 20164 16637 11193 0 0 0 0 0 0 0 0 0 0 0 0 0 0
4096 44 35746880 21728 17566 0 0 0 0 0 0 0 0 0 0 0 0 0 0 0
4096 48 39154657 22620 18681 20639 0 0 0 0 0 0 0 0 0 0 0 0 0 0
4096 52 42954006 24714 20441 16486 0 0 0 0 0 0 0 0 0 0 0 0 0 0
4096 56 45751931 27395 22411 8492 0 0 0 0 0 0 0 0 0 0 0 0 0 0
4096 60 48496581 28249 22980 0 0 0 0 0 0 0 0 0 0 0 0 0 0 0
4096 64 51274578 29240 23964 0 0 0 0 0 0 0 0 0 0 0 0 0 0 0
8192 1 3876215 3438 2773 0 0 0 0 0 0 0 0 0 0 0 0 0 0 0
8192 4 7287675 5002 4088 0 0 0 0 0 0 0 0 0 0 0 0 0 0 0
8192 8 12362984 7928 6407 0 0 0 0 0 0 0 0 0 0 0 0 0 0 0
8192 12 16903323 9657 7798 0 0 0 0 0 0 0 0 0 0 0 0 0 0 0
8192 16 21236349 11426 9373 0 0 0 0 0 0 0 0 0 0 0 0 0 0 0
8192 20 26194445 14017 11335 0 0 0 0 0 0 0 0 0 0 0 0 0 0 0
8192 24 30569995 15711 12828 0 0 0 0 0 0 0 0 0 0 0 0 0 0 0
8192 28 35255673 17518 14369 0 0 0 0 0 0 0 0 0 0 0 0 0 0 0
8192 32 39845420 19801 16297 0 0 0 0 0 0 0 0 0 0 0 0 0 0 0
8192 36 44314716 20901 17183 0 0 0 0 0 0 0 0 0 0 0 0 0 0 0
8192 40 49046566 22470 18510 0 0 0 0 0 0 0 0 0 0 0 0 0 0 0
8192 44 52462199 23753 20455 0 0 0 0 0 0 0 0 0 0 0 0 0 0 0
8192 48 58268368 25353 21125 27034 0 0 0 0 0 0 0 0 0 0 0 0 0 0
8192 52 62973286 29129 23360 0 0 0 0 0 0 0 0 0 0 0 0 0 0 0
8192 56 64550000 30105 24750 0 0 0 0 0 0 0 0 0 0 0 0 0 0 0
8192 60 72041578 31078 25648 32941 0 0 0 0 0 0 0 0 0 0 0 0 0 0
8192 64 77709053 34215 27467 46494 0 0 0 0 0 0 0 0 0 0 0 0 0 0
16384 1 4432087 3154 2587 0 0 0 0 0 0 0 0 0 0 0 0 0 0 0
16384 4 10346786 5538 4444 0 0 0 0 0 0 0 0 0 0 0 0 0 0 0
16384 8 18568737 8813 7326 0 0 0 0 0 0 0 0 0 0 0 0 0 0 0
16384 12 27268132 11889 9557 0 0 0 0 0 0 0 0 0 0 0 0 0 0 0
16384 16 35236908 14409 11727 0 0 0 0 0 0 0 0 0 0 0 0 0 0 0
16384 20 42917465 16069 13057 0 0 0 0 0 0 0 0 0 0 0 0 0 0 0
16384 24 51273608 19220 15743 0 0 0 0 0 0 0 0 0 0 0 0 0 0 0
16384 28 58440514 21952 17876 0 0 0 0 0 0 0 0 0 0 0 0 0 0 0
16384 32 66873104 23973 19786 0 0 0 0 0 0 0 0 0 0 0 0 0 0 0
16384 36 75146408 25457 21205 9982 0 0 0 0 0 0 0 0 0 0 0 0 0 0
16384 40 83554129 27866 23504 24773 0 0 0 0 0 0 0 0 0 0 0 0 0 0
16384 44 91710204 29674 25097 34829 0 0 0 0 0 0 0 0 0 0 0 0 0 0
16384 48 100274513 32620 27418 0 0 0 0 0 0 0 0 0 0 0 0 0 0 0
16384 52 107397302 36083 29126 17274 0 0 0 0 0 0 0 0 0 0 0 0 0 0
16384 56 114831424 36391 30899 44361 0 0 0 0 0 0 0 0 0 0 0 0 0 0
16384 60 124393501 41382 33929 34794 0 0 0 0 0 0 0 0 0 0 0 0 0 0
16384 64 131632876 41628 34193 0 0 0 0 0 0 0 0 0 0 0 0 0 0 0
32768 1 5963336 3599 2864 0 0 0 0 0 0 0 0 0 0 0 0 0 0 0
32768 4 15083124 5986 4896 0 0 0 0 0 0 0 0 0 0 0 0 0 0 0
32768 8 30977728 10244 8449 0 0 0 0 0 0 0 0 0 0 0 0 0 0 0
32768 12 46991251 14857 12247 2634 0 0 0 0 0 0 0 0 0 0 0 0 0 0
32768 16 62881863 19183 15600 0 0 0 0 0 0 0 0 0 0 0 0 0 0 0
32768 20 79240308 24454 19130 6105 0 0 0 0 0 0 0 0 0 0 0 0 0 0
32768 24 94150434 26609 21542 13122 0 0 0 0 0 0 0 0 0 0 0 0 0 0
32768 28 108950688 31327 25104 14272 0 0 0 0 0 0 0 0 0 0 0 0 0 0
32768 32 126632661 35521 28326 16588 0 0 0 0 0 0 0 0 0 0 0 0 0 0
32768 36 141269422 39737 32103 31650 0 0 0 0 0 0 0 0 0 0 0 0 0 0
32768 40 156590358 43295 35119 44737 0 0 0 0 0 0 0 0 0 0 0 0 0 0
32768 44 166901705 46945 38154 52358 0 0 0 0 0 0 0 0 0 0 0 0 0 0
32768 48 192315516 51137 40529 52964 0 0 0 0 0 0 0 0 0 0 0 0 0 0
32768 52 202691697 56283 43936 61757 0 0 0 0 0 0 0 0 0 0 0 0 0 0
32768 56 217211283 59942 45430 72990 23886 0 0 0 0 0 0 0 0 0 0 0 0 0
32768 60 234621798 62110 48696 110971 39795 0 0 0 0 0 0 0 0 0 0 0 0 0
32768 64 254809879 68620 51366 110787 36631 0 0 0 0 0 0 0 0 0 0 0 0 0
65536 1 8861580 3523 2855 0 0 0 0 0 0 0 0 0 0 0 0 0 0 0
65536 4 28039418 7292 6027 0 0 0 0 0 0 0 0 0 0 0 0 0 0 0
65536 8 54974338 14188 11370 3535 0 0 0 0 0 0 0 0 0 0 0 0 0 0
65536 12 84713543 20070 16503 0 0 0 0 0 0 0 0 0 0 0 0 0 0 0
65536 16 114190526 29826 22267 11208 0 0 0 0 0 0 0 0 0 0 0 0 0 0
65536 20 147950658 39240 28451 23172 13851 0 0 0 0 0 0 0 0 0 0 0 0 0
65536 24 178971277 43542 33497 14965 0 0 0 0 0 0 0 0 0 0 0 0 0 0
65536 28 212557536 56854 39520 43974 0 0 0 0 0 0 0 0 0 0 0 0 0 0
65536 32 236964464 62727 46579 71018 8962 0 0 0 0 0 0 0 0 0 0 0 0 0
65536 36 277369959 76833 51380 72644 0 0 0 0 0 0 0 0 0 0 0 0 0 0
65536 40 308049951 83273 57703 58771 0 0 0 0 0 0 0 0 0 0 0 0 0 0
65536 44 331503228 90322 66822 116172 20878 5447 0 0 0 0 0 0 0 0 0 0 0 0
65536 48 365237600 104012 70113 102682 0 0 0 0 0 0 0 0 0 0 0 0 0 0
65536 52 390347456 109631 72366 134086 49185 0 0 0 0 0 0 0 0 0 0 0 0 0
65536 56 425566144 124078 84859 187525 50033 20843 0 0 0 0 0 0 0 0 0 0 0 0
65536 60 462541820 125183 87377 162069 45736 0 0 0 0 0 0 0 0 0 0 0 0 0
65536 64 486726246 136842 94466 0 0 0 0 0 0 0 0 0 0 0 0 0 0 0
131072 1 14221872 3912 3000 218 0 0 0 0 0 0 0 0 0 0 0 0 0 0
131072 4 51220550 9379 7624 0 0 0 0 0 0 0 0 0 0 0 0 0 0 0
131072 8 104684320 25214 14512 4299 0 0 0 0 0 0 0 0 0 0 0 0 0 0
131072 12 158672861 31813 22881 12371 0 0 0 0 0 0 0 0 0 0 0 0 0 0
131072 16 215738795 58992 32685 22328 0 0 0 0 0 0 0 0 0 0 0 0 0 0
131072 20 280701925 87284 44370 33050 0 0 0 0 0 0 0 0 0 0 0 0 0 0
131072 24 345988935 97952 57806 62397 14590 0 0 0 0 0 0 0 0 0 0 0 0 0
131072 28 419494671 147369 80540 90421 16760 0 0 0 0 0 0 0 0 0 0 0 0 0
131072 32 494794327 158977 87182 94287 25773 4200 0 0 0 0 0 0 0 0 0 0 0 0
131072 36 559037333 194024 106696 163917 42691 13281 0 0 0 0 0 0 0 0 0 0 0 0
131072 40 651531751 203012 119682 162412 0 0 0 0 0 0 0 0 0 0 0 0 0 0
131072 44 725643850 223234 134793 208943 69063 22198 0 0 0 0 0 0 0 0 0 0 0 0
131072 48 790242498 288260 165620 243987 77688 22000 12902 0 0 0 0 0 0 0 0 0 0 0
131072 52 827978306 277453 173705 272477 82498 25702 9624 0 0 0 0 0 0 0 0 0 0 0
131072 56 947411482 350627 195522 329422 120141 33026 27028 0 0 0 0 0 0 0 0 0 0 0
131072 60 1020674413 336974 202137 358273 127800 41257 22182 0 0 0 0 0 0 0 0 0 0 0
131072 64 1091242371 342377 217340 359625 125727 45429 33130 0 0 0 0 0 0 0 0 0 0 0
262144 1 25225047 8585 3980 141 0 0 0 0 0 0 0 0 0 0 0 0 0 0
262144 4 91953523 29020 13315 887 2519 0 0 0 0 0 0 0 0 0 0 0 0 0
262144 8 203811553 69579 31969 4744 2218 0 0 0 0 0 0 0 0 0 0 0 0 0
262144 12 330007518 113507 54163 25887 7329 9660 0 0 0 0 0 0 0 0 0 0 0 0
262144 16 460583518 195937 104666 78914 8487 6194 0 0 0 0 0 0 0 0 0 0 0 0
262144 20 622584980 269318 157132 162858 29906 6189 11922 0 0 0 0 0 0 0 0 0 0 0
262144 24 766589953 288323 164990 134536 32184 11825 11558 0 0 0 0 0 0 0 0 0 0 0
262144 28 954249190 404279 249352 277171 65213 13549 11761 0 0 0 0 0 0 0 0 0 0 0
262144 32 1150079441 566331 351848 406249 128636 27044 13574 5624 60 0 0 0 0 0 0 0 0 0
262144 36 1265403058 534686 369929 458111 157443 38475 20397 5211 4 0 0 0 0 0 0 0 0 0
262144 40 1432865532 616030 411149 529214 190196 54514 28498 4950 36 0 0 0 0 0 0 0 0 0
262144 44 1644496797 655456 451160 566002 220928 61737 34730 8255 81 0 0 0 0 0 0 0 0 0
262144 48 1782824821 714448 481410 648490 281927 76261 45188 11027 4 738 162 0 0 0 0 0 0 0
262144 52 1959826672 787188 535197 721372 305462 83458 55250 14837 388 1608 179 0 0 0 0 0 0 0
262144 56 2022340925 834471 635350 842338 378953 115588 66637 15909 29 1339 599 12 0 0 0 0 0 0
262144 60 2222582199 883823 636873 881408 404619 119615 81748 20259 7 1268 400 332 0 0 0 0 0 0
262144 64 2340170722 1064024 760149 982909 428437 122223 77784 20794 39 1532 568 0 0 0 0 0 0 0
524288 1 46811055 14077 6896 75 39 163 383 0 0 0 0 0 0 0 0 0 0 0
524288 4 189167994 68159 33164 2234 130 383 929 0 0 0 0 0 0 0 0 0 0 0
524288 8 394054618 161519 83770 51255 279 636 2136 0 0 0 0 0 0 0 0 0 0 0
524288 12 598393729 301804 174680 159894 2069 577 2488 1905 0 0 0 0 0 0 0 0 0 0
524288 16 768568139 467976 285780 355414 45008 837 2269 1748 26 0 0 0 0 0 0 0 0 0
524288 20 1093543227 591295 374771 437883 53624 2231 2743 2153 18 1323 0 0 0 0 0 0 0 0
524288 24 1340702825 805282 589714 783380 233600 31272 1501 1824 49 1057 0 0 0 0 0 0 0 0
524288 28 1710595330 928446 667643 836400 245795 38421 4996 2503 21 566 479 0 0 0 0 0 0 0
524288 32 1989611460 1044707 773188 1030296 421292 110033 30386 3607 12 582 812 87 678 0 0 0 0 0
524288 36 2481253917 1363732 1006388 1305979 548736 167198 61441 8330 23 716 1705 119 1191 0 0 0 0 0
524288 40 2753579201 1505987 1079292 1359117 666668 242764 119178 23864 52 1330 4560 129 912 173 15980 0 0 0
524288 44 3203428837 1619821 1200034 1501677 683392 244440 139142 39657 26 1939 5557 339 0 0 0 0 0 0
524288 48 3502644919 1653446 1292315 1615718 769655 306537 169424 46039 30 2823 9222 529 1733 137 30789 0 0 0
524288 52 4062742790 1908767 1408171 1654666 824475 313893 181244 64587 104 4188 14041 501 2389 262 30910 170960 0 0
524288 56 4467531565 2156264 1551110 1988233 952753 361885 253068 108465 89 6941 21838 670 1898 482 38949 0 0 0
524288 60 4583213962 2263297 1736055 2005944 960207 363530 247282 111531 115 7873 27750 874 3402 849 26760 153620 0 0
524288 64 5429166746 2327125 1790288 2288155 1069805 440074 306678 138968 292 9639 28565 656 3106 1378 25006 97377 29 188
1048576 1 89462511 33634 17059 12315 89 77 51 6 0 4 0 401 0 0 0 0 0 0
1048576 4 371027476 197813 128000 188720 10678 175 95 131 0 5 12 139 259 0 0 0 0 0
1048576 8 774587084 407368 284324 460187 60301 426 144 394 0 12 73 133 278 128 0 0 0 0
1048576 12 1191564491 679002 458956 865098 179828 10612 291 721 0 41 330 194 398 366 0 0 0 0
1048576 16 1609955550 995398 704566 1350265 373936 38931 1019 3442 1 305 2008 127 455 238 34413 0 0 0
1048576 20 2086515923 1279622 940721 1674642 599637 130125 17174 14999 1 1115 9784 114 336 324 31924 148668 0 0
1048576 24 2552888813 1554346 1207293 1932896 732466 226612 41661 34374 48 2895 21563 193 638 359 30132 45956 0 0
1048576 28 3302846028 1612997 1429872 2325222 971025 418170 125474 126369 112 8072 76494 494 988 365 12616 22514 0 172
1048576 32 4129577599 1447297 1629835 2565990 1273516 659253 273926 443997 94 29737 321984 687 842 689 11034 24429 6 157
1048576 36 4926471025 1249051 1491815 2753700 1376849 747156 394264 537030 240 42421 413571 1174 1646 877 6535 20468 10 215
1048576 40 5772122274 1190574 1687632 2874502 1510874 789286 491908 766294 158 71805 715691 1339 1946 1159 6099 24010 2 183
1048576 44 6597453200 1159197 1465984 2999912 1642401 867420 561557 861420 222 112634 1177555 1520 2533 1852 4070 17914 9 436
1048576 48 7394835953 1233521 1543444 3033264 1729343 917654 610222 1001228 190 156238 1560352 2277 3804 2717 3776 15414 8 386
1048576 52 8264489255 1427828 1636850 3204270 1815863 1078256 691334 1293716 448 218868 2270237 2812 6362 10928 4140 13841 7 507
1048576 56 9232730605 1239368 1378208 2973152 1700973 1299478 793038 1277415 689 249576 2565205 2884 8713 19839 3475 8942 17 602
1048576 60 10049043370 1204183 1227320 2934313 1722946 1430832 851125 1242438 1640 258124 2457238 3157 12045 49413 10318 35410 20 802
1048576 64 11119658014 1109168 1054211 2503710 1493219 2024934 788750 1398874 902 221277 1825708 3414 25425 143244 31740 85856 38 2621
2097152 1 180481460 27559 22603 149071 2652 300 181 56 0 2 0 0 4 0 35 87 0 0
2097152 4 762540343 124282 123752 438783 220055 85652 379 868 0 26 594 0 2 5 402 2738 0 0
2097152 8 1582710146 285930 301301 791472 469720 374732 113879 11679 1 230 2961 15 10 6 617 490 0 8
2097152 12 2440630464 416735 449714 1141771 560036 235781 149974 112323 1 4027 39501 59 57 101 863 1024 0 8
2097152 16 3347900182 590620 642804 1441716 700000 446289 306894 534588 23 33961 350250 251 299 437 1022 1193 2 15
2097152 20 4287883164 545265 683075 1672711 837073 768356 319883 754355 317 115470 1312661 805 570 814 1088 1497 6 47
2097152 24 5393873726 942880 944311 2127147 1054415 1672722 398129 1734964 489 213997 2823288 1379 1907 1782 2153 2681 55 160
2097152 28 6600387574 1137277 1157097 2405592 1209500 2632319 490009 2526949 1155 271729 3852797 1430 3158 2786 1920 3423 117 246
2097152 32 8132551054 1210548 1081150 2444349 1313886 3722693 567510 3592906 956 332688 3997855 2248 6694 3460 7789 8179 173 535
2097152 36 9765376775 1524616 1373707 2837318 1522502 4924488 570861 4936876 680 466317 5102793 3146 9400 4482 5310 5423 180 768
2097152 40 11476742618 1502158 1137258 2658290 1480333 6196037 601955 6089191 1509 505741 5483300 5693 13824 5019 92200 177122 192 542
2097152 44 13014393175 1812099 1304382 3152901 1751419 7182118 674377 7200564 1448 584614 6519752 5130 17140 7226 106254 255102 209 675
2097152 48 14832705004 2098622 1315092 3420042 1900044 8698037 774447 8685227 934 635174 7717507 4519 22440 28267 177090 449141 202 630
2097152 52 16691722811 2073781 876760 2719676 1592630 11123095 799474 10134893 1224 684616 8825798 7460 26643 30693 454382 2061520 193 994
2097152 56 18525927467 2351538 1062769 3280400 1777678 12313861 783667 11558524 1039 742354 10029246 8607 30121 59572 535971 2647713 236 1252
2097152 60 20316818290 3109672 1348378 3554066 1767687 14777738 978100 13236874 1338 842553 11278109 9497 47685 276635 573680 3301136 276 1948
2097152 64 22298076388 4414485 1876280 3717049 1780469 17377662 1119364 15632821 2021 956341 12573789 7848 111209 534617 632055 4231309 475 3414
4194304 1 357393423 35741 27921 133934 24578 712 214 684 0 15 36 0 2 0 92 221 0 0
4194304 4 1522118988 183137 203143 479695 235205 287083 264487 135567 4 12285 99921 67 30 187 931 5053 0 13
4194304 8 3163312572 382420 429606 1017920 560583 876284 408022 557060 442 52873 627077 762 614 228 1429 1284 5 17
4194304 12 4887673763 739069 650103 1608523 771004 2247994 231536 2234186 276 181876 1822673 1053 3860 965 2213 1729 56 65
4194304 16 6718227400 996929 776322 2137774 1036009 4929682 318465 5062906 547 387168 4344405 4203 11434 2173 68760 15694 288 138
4194304 20 8598818494 1530808 1073485 2681373 1256726 7889452 358119 8235746 622 605932 7344010 5725 14872 3715 242936 276467 480 149
4194304 24 10622591071 1757275 1077468 3015229 1548748 10871943 543151 11364254 842 823458 10276447 6176 16276 4336 480276 1275564 1415 1594
4194304 28 13043659281 2537633 1424337 3363409 1684233 12952955 609274 13581492 1066 964573 12371398 4201 16810 40797 520733 1963494 1255 6080
4194304 32 15975244382 3853255 1994064 4236424 1959015 15734040 882502 16191103 1461 1132134 14722198 5677 20379 20890 599564 2673858 1432 15892
4194304 36 19265614308 5258435 2725121 5811834 2306138 18440007 930463 19634162 1847 1336994 18024868 6749 25257 38999 577999 2981870 1425 18451
4194304 40 22464841888 6583801 3619455 7200934 2674075 20935149 903444 22849420 1730 1541563 21076565 6988 25812 32858 604765 3370228 1568 18779
4194304 44 25739885372 7622364 4319617 8228640 3340907 22239160 1163940 25237496 2256 1739056 24120624 7485 29584 99224 645482 3703860 1605 18097
4194304 48 29454123030 8096759 4507266 8530932 3843585 22924115 1462431 26715671 2527 1975903 26709826 9152 38176 152987 648459 3990864 2008 15300
4194304 52 32922501402 8612265 4747779 8335265 3931144 24237593 1389639 27538932 2893 2274964 28561064 10105 34022 120370 675171 4470094 1366 13180
4194304 56 36968910516 8955817 4602394 7500936 3818205 27697180 1725494 27878823 2701 2523442 28110755 11425 170265 263942 734940 4982414 1205 13364
4194304 60 41033593901 9537795 4907334 8005652 3914892 31051994 1744855 31381119 2505 2635521 28458066 16146 146967 301942 820791 5629421 1043 10878
4194304 64 44991622088 10646634 5429442 7924641 3838785 34330428 1973855 34466048 3953 2619389 30071873 11728 384668 629852 995448 6825492 871 10744
8388608 1 712336169 70280 58294 188409 18117 7566 488 22487 14 6583 15486 11 41 3 172 286 0 1
8388608 4 3054003255 390063 312728 674200 329068 1835046 399138 1429102 196 108611 1231028 1756 8525 12713 83563 122485 10 844
8388608 8 6350369212 1286494 790384 1574375 830520 6793458 753485 6526913 237 470811 5816640 2308 16578 121350 176820 358806 149 7453
8388608 12 9825265201 2216210 1372918 4333223 1535048 11532472 461871 12526784 589 899239 11444766 2134 19714 188501 217183 608433 595 11099
8388608 16 13437427269 3152808 1834747 5685471 2564549 14540765 912494 16914816 825 1297496 16776880 3376 37865 432477 298612 980930 1094 15466
8388608 20 17269415232 4087532 2225216 6166699 2944562 18682476 1184409 19737740 1687 1536406 20739608 3736 37086 357206 409847 1420905 1779 21005
8388608 24 21154339517 5207281 2822018 6874968 3361697 24356904 1720501 24265564 3538 1835638 23530872 6085 64152 546922 526696 1915088 2888 31859
8388608 28 25864392645 6368659 3399536 7414091 3752200 29804168 2245295 30072555 2772 2254192 26942551 8143 101039 713560 802843 2951842 3307 33666
8388608 32 31640885567 7798488 3940211 8622057 3956507 34426461 2269402 35528785 3947 2615694 31846135 11200 149431 1019822 1055143 4449770 2963 36658
8388608 36 37709997329 9688010 5046558 10607594 4521125 38927206 2579100 40323421 3900 2951934 37570135 15520 164462 821416 1144013 5669795 3267 37139
8388608 40 43786167858 11766544 6108052 12057101 5141569 42924272 2544267 45393024 2695 3290442 41949030 17172 258756 789878 1240664 6832978 3996 41975
8388608 44 50530151743 13832040 7200433 12656493 5653112 46476684 3155822 48905200 2685 3803543 45978578 19077 406965 1112390 1304463 7687281 3531 44795
8388608 48 58032037979 14850512 7601334 12914064 6172110 50539236 3644364 51853170 4593 4039113 48788372 21840 521572 1307969 1399512 8530477 3425 57402
8388608 52 65561479425 16460255 8459866 13311495 6489320 55763893 3472120 56907122 5357 4220454 51702028 19876 502029 1108388 1614365 10059198 3546 40220
8388608 56 73491419700 19093186 9529120 14567210 6752638 61577211 3572490 63592173 5370 4553352 56619159 20986 543973 1279258 1954846 12657519 3732 61006
8388608 60 81471411943 22504079 11479105 16464608 7139707 66681070 3630435 69250745 6077 4978487 62374433 25022 546212 1256305 2108650 14906443 4009 66705
8388608 64 90520514741 25292927 13451490 18037066 7809030 69865954 3314536 74426453 7672 5372054 68229829 30140 475224 692664 2180832 16624343 4286 61673
16777216 1 1428431518 173698 103454 221454 17149 1078293 592 1172200 60 85644 1070666 1865 1237 116 2375 2082 0 55
16777216 4 6132885862 987205 665312 1483738 719719 6044396 1473173 4999641 702 360470 4361018 1123 76868 856790 112198 142426 49 10404
16777216 8 12744892224 2625089 1410189 3611529 1750002 17711025 2718358 16333456 1534 1171468 14766867 3931 163628 1787511 361917 700798 290 28809
16777216 12 19651109610 4374325 2352803 7418280 3299636 24462076 2897639 25097387 1976 1876312 24203318 3255 187289 2345098 445796 1265017 850 40244
16777216 16 26938104370 6021195 3107360 8956117 4412282 33461903 4156759 32013433 2864 2363983 30272496 5245 241743 2857073 700532 2000208 1954 58295
16777216 20 34440282835 8111732 4082219 10307904 4808766 43628184 4976397 42005250 2968 3050473 37915393 11011 299344 3573527 1119333 3600597 2786 75689
16777216 24 42336579812 11163125 5890824 13780533 6078786 52509897 5734978 52209057 2975 3924689 47560184 12588 539326 3788623 1414826 5360180 4570 100027
16777216 28 51143800256 13773971 7380159 16004965 7208900 60813046 6894100 59775070 4150 4446990 55189613 15554 778213 4420331 1525823 6677596 7065 125921
16777216 32 61814961760 17250758 9215385 18046013 8284442 69467675 6961324 69316976 4756 4989242 63879992 15790 740640 4143325 1925334 8776512 7585 186359
16777216 36 74080338211 20297183 10800146 20321574 9256202 78429328 8632427 77228167 5841 5679789 70857739 17297 847184 5395903 2229963 10865820 6793 202222
16777216 40 86668805867 24210688 13129976 22757457 10208929 87761971 8729523 87467157 7557 6540976 79851453 26962 870867 4877178 2583386 13334508 8071 213778
16777216 44 100372565027 27909441 14822312 24996962 10942599 96285644 8964685 96159846 9088 6892303 88296270 33746 894435 5097288 2835894 15953628 8327 215304
16777216 48 114980206580 32519212 17070328 27040039 11915032 105255238 9629154 105585113 9725 7519120 95663780 32467 952411 6186764 3211260 19428354 10598 213620
16777216 52 130738634814 36646609 19519374 29069852 12734625 114231772 10191811 114960116 11301 8504548 104813990 43709 953934 5993808 3374192 22310573 9096 203384
16777216 56 147052471397 41356445 21966227 31104156 14015081 122860959 9026429 125440102 13408 9171310 114833800 43547 814776 3551770 3816254 25543857 8694 169834
16777216 60 163370913600 45730794 24100910 33239569 14569322 132135358 8071238 135838970 13809 9556038 123440832 51095 831411 3137268 4023814 28946486 8626 121269
16777216 64 182254450182 51166578 27296188 34998408 15480418 142517905 6442227 150611449 14647 10838987 135977019 57636 791969 609331 4516831 33192778 6512 107691
33554432 1 2888079636 571884 170874 714448 46588 4270305 3658 4609078 16 328014 4252240 2162 917 600 3496 3843 1 182
33554432 4 12791098559 3392407 2119494 4069989 1724009 17755848 4164114 15104340 989 1094510 14042278 3886 378125 2724123 434988 534748 119 138087
33554432 8 26356627011 6856942 3811926 9276926 4228778 36712380 6493248 33262530 3697 2411466 30173750 6095 521210 3809391 991077 1672311 640 217436
33554432 12 40273228327 10014305 5253736 14328764 6192693 51556132 6977951 48951575 2782 3646651 44866304 10408 758200 5525095 1179276 2905370 1884 266110
33554432 16 55920528489 15114635 8396725 21302754 8496565 69774950 9762242 66610372 3881 4968120 61038217 15951 1668241 6808646 1923495 5533616 3387 370186
33554432 20 70605528254 18958315 10079797 25142212 10375093 87489928 10286668 84963086 6522 6310372 77529755 20647 1566629 7011652 2280761 7889897 5935 357188
33554432 24 87649738130 25653982 14081876 31646169 12976252 106104955 12352303 103225751 6816 7794264 93805181 23403 1415441 7461224 3105455 11497487 9566 527639
33554432 28 104076969542 31399673 17234156 35583745 15050718 124171724 13953084 121499197 9939 9085994 110969444 29299 1376341 8148794 3671026 15133837 13335 494416
33554432 32 125749098237 38285552 21218568 43100015 18131574 142944950 15484162 140519126 14241 10258752 127411118 46132 1743119 7979448 4539243 19883356 17292 582623
33554432 36 150061490808 45493442 25151415 48841727 20279531 161262814 17365030 158614311 13851 11551902 143872603 56760 2106059 8553153 5232550 24849873 16955 561705
33554432 40 176040923310 52901578 28914878 53906401 22211615 178745707 17117471 178159401 15742 12859745 161648500 67638 2423730 7976802 5790435 30079315 17522 499631
33554432 44 203972424263 60908283 33464167 59289469 24386104 196734144 19003002 195963569 18784 14248728 177626154 66446 2550369 8813238 6268962 35316186 19831 511634
33554432 48 232834258644 71209980 39027788 65712687 26518195 214844992 18308248 216251460 19795 15794270 195527944 77019 2237905 7680621 6942053 41742500 21168 560074
33554432 52 264473189587 81072081 45018918 71199012 28943262 233609080 18771469 236627512 23247 17121070 213979714 86826 2028648 6929985 7753282 48688119 25245 480182
33554432 56 297917044262 87997910 48024403 73166153 29920288 252943503 17712957 258621770 25047 18568318 232892118 107567 2444776 4891959 8212202 55130340 14595 331373
33554432 60 331578047768 95466936 51526316 73879963 31201693 269169312 15697220 279332189 28924 20142175 253057221 111258 2165428 3365570 8688824 60953308 13296 270692
33554432 64 366862161380 103928886 55552946 73522418 31536867 287107988 13417286 301569037 38909 21906912 272859474 132638 2096055 497128 9166244 67165998 11247 197831
67108864 1 5771714488 1026326 269477 1574029 124684 8501106 6160 9371326 1 668728 8661975 4578 1499 873 6913 8924 1 235
67108864 4 25681471594 6705015 3621924 8356309 3293192 37070816 5252342 34893713 4251 2487123 31192688 8682 469157 2453154 962700 1204089 280 219969
67108864 8 52848417957 13173672 6732476 19113054 8636997 73351183 7929916 72258864 4040 5354076 65310998 13764 1384544 2593054 2058277 3444724 1444 310092
67108864 12 81715485918 21182012 10710232 31059929 12266911 105199761 8991106 106087198 6362 8065392 96477170 18412 1349105 5071935 2645535 6778881 3601 514130
67108864 16 111105460436 28875058 14674147 40828619 16400171 140964034 10815348 142718087 11926 10426224 130060108 28467 1423823 5570856 3617056 11005583 6684 587017
67108864 20 143214463884 40562401 21520198 53414673 21355698 178015791 14033230 180043036 12610 13318320 163429174 45088 2298497 5871040 5234599 17232563 12767 733402
67108864 24 177080352290 53276867 28765607 66831725 26282234 214887832 18675554 216218753 14681 15883080 195917228 52539 3035833 8441560 6370656 24072368 19634 1097186
67108864 28 210298161655 65276400 35840594 76631729 31065479 251973641 21508556 253797304 21215 19114346 229843766 74781 2796341 8523797 7952122 31802403 28615 1118073
67108864 32 250194481073 78620641 43242497 90458367 36746431 290764292 25833568 291883162 22161 21742892 263313060 91542 3733754 8883649 9417156 41387850 40110 1183106
67108864 36 298138179816 92338941 50758196 97946564 40668338 327478516 26363368 331349244 26992 24385676 299545816 89765 3559490 7339977 10930197 50654454 35998 933965
67108864 40 351295253112 107212047 58287592 109360550 44506582 363166074 28310192 368428028 33087 26955998 333390482 116149 4082777 7236433 11943951 61110212 39006 897632
67108864 44 407226669674 124096818 67905484 122285161 48441609 399939528 33319187 403704071 43193 30304828 363656907 128542 5087858 10444890 12892384 72228931 42237 944577
67108864 48 462495428191 141262047 77030665 127862291 51971454 435776968 32557388 444085624 45122 33261533 399822414 154029 4881422 7825952 14427949 84534802 50141 801544
67108864 52 526327396619 159290015 86790013 136745002 55205287 470530623 32075299 483546562 46779 36005385 435525046 160169 4673418 7339466 15492371 98130084 45866 653009
67108864 56 594268201660 178380864 96845506 144873425 59504834 508795536 32872164 524878220 54805 38513725 472151861 188663 5082391 5263492 16941722 111296111 41880 577321
67108864 60 666231306402 193843541 105964594 148629819 61681526 546739288 34952717 563291396 54394 40424234 508009445 208616 5090284 5463279 18289452 123201902 36158 523264
67108864 64 740373904138 211201819 114130036 151081942 64229730 585608180 32175932 608554625 63526 42871042 548898649 273908 4561774 573377 19247028 136216011 28936 416169
134217728 1 11624576508 1859628 372906 3396752 109387 17058321 4539 18555406 6346 1342736 17307912 5787 4977 1347 5473 7052 2 493
134217728 4 51009473003 11658730 5651820 16815183 6411758 74543442 7695994 72970253 5204 5541330 65703869 11076 1078040 2085686 1769708 2413704 481 261618
134217728 8 105459172405 25160675 11934958 37866290 16240598 146603714 11899269 148020310 11447 11129788 134091997 26424 1573223 2097964 3827450 6846765 2509 580107
134217728 12 162222632056 38826160 17968944 59781570 23473108 211694857 10049578 220860778 13238 16594890 201440204 43008 2173100 3175939 4906289 13268988 7320 703275
134217728 16 222552080856 57454944 28080511 83476605 32232330 285136551 14302986 297331855 21531 22217780 269801626 69202 3527198 2941830 7437239 22577862 15703 973563
134217728 20 285263891640 79253028 40421839 105277830 41937773 360070068 20490379 373208778 28201 27954143 337892428 65362 3571810 3036231 10539608 34232859 26603 1178536
134217728 24 351269652549 102085907 52968210 128281819 51331690 432090550 25617201 446154183 30475 33545559 403911261 94639 5208989 4669630 12625695 47637208 39898 1594828
134217728 28 418753560152 127783687 67310770 146438781 61023287 510085855 32115803 525317874 35747 39579876 474916725 128576 5213462 2978043 16379199 63016799 61409 1795420
134217728 32 494085183095 156492041 84407764 170272002 71579937 587337502 42590406 598772914 42414 44709426 540690190 156104 5619988 5206176 19366688 81317667 81134 2106615
134217728 36 596264519195 184408831 99770134 192452918 80040796 660696361 45937683 675639223 52894 49805271 609871938 180201 6694590 4689290 21879500 101211040 80000 1912291
134217728 40 699878494626 213408687 114810597 210187781 86171599 731653640 54735570 744323227 63381 54594248 671177276 208587 8187096 11697725 23563812 121385968 74738 1764219
134217728 44 809682253439 246700665 132195959 226920588 92746352 801861062 53997909 822500292 69140 60543336 741436298 243570 7642434 9789512 26127520 144534261 73546 1618836
134217728 48 918355555424 279508728 149557132 241573218 99297868 870627354 52826526 900374374 79048 67180513 811010131 253853 8036316 7781008 28158153 168850147 81589 1465161
134217728 52 1053705884033 318971483 174978449 266616771 110408359 948689756 66891420 970961212 98485 71899430 874119314 310170 9123193 12736181 31802461 195758815 76971 1317896
134217728 56 1189484740731 352916384 192866909 276203551 116184310 1026202652 69351022 1053501252 103283 76533720 948540607 333929 8548334 9858600 34713497 220936164 65408 1168190
134217728 60 1336081641074 391365427 212523271 294949649 122606512 1098611796 67993147 1132782626 104800 80726844 1020357918 369346 8900427 8175949 36356392 248627684 59468 950638
134217728 64 1487905312610 423880143 231191592 301289393 127129404 1176350181 66560705 1217998867 130259 84432018 1098638284 486072 9490567 1902997 38256493 273304352 43644 808662
268435456 1 23439399540 3473592 414574 6989295 345426 34256569 23153 37723810 8344 2703105 34543309 15494 9683 3721 16835 20779 4 647
268435456 4 101006606132 21158842 8900503 32823933 12186609 149653605 10510203 151561135 10344 11314915 136903499 21147 1746981 457266 3281796 4446840 997 324673
268435456 8 208718434519 46664898 20749133 72378584 32936910 296253379 21172743 300394615 16929 22021392 272762374 46279 2247190 1144487 7613948 13037863 5851 732187
268435456 12 323022712264 75813070 34204876 117093392 48270128 427989780 20391484 446436279 26116 33477110 406683521 77871 3892673 4324630 9879993 25995242 15646 1108744
268435456 16 443724938196 112884468 53694409 162313964 65742609 575397578 28074387 599160651 38958 44836445 544170487 123464 7234344 2474790 14747137 44143913 29938 1790043
268435456 20 567915529926 154040560 76304597 205343251 81037723 717943167 33155263 749632880 49192 55636978 681398550 146430 7344902 2129844 19578508 67162831 51081 2172606
268435456 24 697062807285 199893249 101180651 244306579 98045006 862544704 41253666 900444348 58543 66959197 816013910 185347 7645907 3160394 24936277 93437249 77474 2722892
268435456 28 834874808839 252132776 131172238 286258566 119821832 1026368897 64174482 1054397592 64761 78712738 953990141 224325 8842832 3024717 31784762 125744602 119675 2987581
268435456 32 980923454470 303028241 160050898 323743354 138907973 1178101172 79134305 1205808723 82758 89477136 1089143611 304004 9964581 5434156 37537868 158059136 158504 3474638
268435456 36 1193299420457 370659203 200817638 382366729 159710891 1323236544 104654866 1338372050 94871 98730016 1206474036 371687 13285378 22906317 44982467 204252383 146988 3550157
268435456 40 1403314018738 431781744 234916460 419991198 174845524 1465637314 108638661 1490290265 119072 109275639 1343483875 398221 13482253 22850963 49395167 247111488 139089 3441858
268435456 44 1631006561834 510786415 278184624 480715564 197082148 1613886767 128735261 1635094395 132256 121760286 1469254878 457338 15955820 29145471 55147490 298865236 156098 3229941
268435456 48 1840986420643 556244483 300776281 486714448 198555180 1749075200 119481898 1793538506 150464 132570524 1614100765 526079 14892581 26491357 57551515 336049282 152744 2544663
268435456 52 2092844959570 625931141 337688717 510776202 211539589 1898048286 118353017 1954644904 162350 142059575 1761650110 552617 14911804 19965809 62659788 386152920 141953 2257163
268435456 56 2369471155736 696400278 377847369 539602666 223343191 2040237567 120157668 2108202525 192189 150631918 1899843382 648618 15898138 19716578 66551172 437452736 132132 2012578
268435456 60 2673757662998 781258778 426752217 587102497 246779031 2200054515 140497046 2260840741 217684 158741258 2037630719 740762 17121087 22382539 72877126 498231243 85408 1677583
268435456 64 2980181947726 849725588 464046125 597250281 253976365 2349635687 130014859 2432583205 244168 166468736 2196887148 956793 15656196 7461285 77134668 547134754 64917 1356830
536870912 1 46827392617 6529860 429199 14126421 222655 68909653 237567 74526867 23056 5870766 68684399 22752 309625 226321 16864 29551 11 3449
536870912 4 203375594629 44989168 20614391 67927106 24784914 300971157 23231782 302771539 17264 21951643 272314468 37989 3328146 1107507 7133652 9424851 2040 923225
536870912 8 420045855787 95725152 44442562 146823053 65951576 590964513 43244573 598973799 33670 43913508 542941154 85208 5038281 3071021 15487216 27253819 10204 1539065
536870912 12 654720235388 159410319 76475991 245431594 93670508 848739596 40458830 884509347 55733 64556493 805681744 139479 9775893 11684084 20089748 56535492 26000 2815742
536870912 16 884237441710 221361257 104191980 316320231 124927891 1142436362 48439430 1198255592 72120 89285528 1089391813 208362 10348027 6018986 28787572 88163486 53771 2870217
536870912 20 1160301634922 330231693 175920521 450408700 178076954 1446663432 119265032 1453961654 95324 106174487 1317430490 346000 19143320 42604189 43511374 143781428 103877 6067214
536870912 24 1392864229489 394304240 197989505 477207093 198395904 1747894031 100400005 1804306643 110388 133320934 1636064768 353116 12229186 6843481 50801553 185716675 152316 4621543
536870912 28 1716159064373 536998695 297019932 645483924 264200116 2057079268 203663555 2034326779 138073 149009214 1834792532 500869 25754584 69328312 68034102 267344563 222022 8707776
536870912 32 1971293872371 604882836 322422681 654442330 274147346 2344574997 166408208 2387735536 168215 175843734 2156000444 586835 18897487 32976773 73643813 319466241 304390 6827483
536870912 36 2407725955138 754534057 418856390 794342470 327601507 2650325832 254322380 2627652834 205998 189799993 2367800271 753567 28254831 90760853 90299516 415570023 290706 7871199
536870912 40 2815380950833 864669673 477951775 856197177 353290753 2956290976 277030821 2938468131 202981 211375064 2647231823 835620 28000127 86183857 99329846 494703965 266002 7005100
536870912 44 3231128997030 981625242 531837963 897960890 368146260 3218633033 242428309 3269148044 260768 237666789 2944498962 860656 26147422 63509347 105272317 578750182 248460 5369046
536870912 48 3669588026655 1116927157 601659625 954454778 397665011 3508555148 235215694 3595605502 278732 261067308 3239118966 996695 23578808 43946528 117293000 672763820 285744 4450214
536870912 52 4194736066759 1257899022 685245658 1020272641 425639520 3796242907 244462668 3896736549 324527 278405489 3511865650 1122300 25173258 49326656 124875583 778051310 247802 4093675
536870912 56 4779897235137 1433951245 788002640 1147994853 470233297 4096861462 323979633 4145579532 399259 294106564 3726706267 1250945 32674878 102287429 135348836 900145928 209593 3986779
536870912 60 5357991195224 1559355004 846443124 1146627844 481313657 4378971626 263651071 4518634518 367858 319392915 4067817559 1547926 25060137 46390205 143006055 992045076 150989 2832388
536870912 64 5942844888967 1682672579 913691416 1186013760 506049603 4700200990 282629002 4836402095 506437 328408787 4367836522 1969738 24044870 35386491 151529676 1092850240 122435 2474764
1073741824 1 93821192446 14071536 984590 28637880 497173 137944399 60621 150079652 45799 11481190 138049378 51942 495995 29008 29863 32889 16 54676
1073741824 4 415179045332 100469943 50332457 151281209 54599076 605759308 63348670 592425194 34574 43768608 528893874 117580 10041093 13134435 15888731 21113620 8868 2632047
1073741824 8 855637943994 210573291 105877261 319803670 133309576 1190769414 110715711 1183391204 69938 87242763 1067115258 255723 14540519 19757940 33664597 59349442 26422 4084006
1073741824 12 1337423800894 349330045 186335902 533122905 211221392 1711367397 152108599 1709734152 121192 125418047 1550192616 278609 27325381 73331742 48362772 121303946 61759 8250342
1073741824 16 1762328294141 428372042 199221169 617292420 254221188 2304075448 121724584 2385730411 135018 175140241 2172143810 389991 16127828 23154341 56705262 169685983 121356 4398373
1073741824 20 2327173126434 666567080 357792413 902414312 362241675 2903975001 220318893 2936688751 192437 210134660 2661710810 470968 30662067 60477517 91011471 294724491 207734 11103922
1073741824 24 2804187645991 789928772 408751594 990021685 406285474 3482378229 259304887 3525886237 244933 253756105 3197708607 719032 27684321 85897449 102595039 375517478 303458 9929372
1073741824 28 3414749257733 1054817220 579636072 1258364636 517640920 4114661366 376055694 4092354563 276151 294031749 3697635235 1025821 42144004 118661527 133844264 531904351 436344 15406664
1073741824 32 3949623681293 1209379366 651542459 1338291764 555593935 4688871068 360541635 4736570129 311942 339252830 4281762139 1205572 35965921 96451749 144994673 646697135 587712 13804222
1073741824 36 4891978229638 1572533282 898559138 1700903205 691387508 5325660576 594871909 5192926266 405001 370602644 4668858557 1515663 60822615 230826278 190077209 871090997 531537 16816001
1073741824 40 5638323208182 1735521318 958162653 1730984603 717732266 5902835242 548364554 5870634553 402519 416993517 5293209114 1637507 48819892 178144394 203031936 994241872 496532 12164192
1073741824 44 6478980551267 1979638380 1089999059 1844094690 772431004 6504796375 604754925 6468128118 450434 460062948 5829819876 1807315 48045380 193259440 224592726 1168639215 494837 11045988
1073741824 48 7430843567729 2335258257 1301139506 2048672777 847314823 7056834713 678295347 7011630491 563762 504807647 6302214432 1934180 57139770 249587952 248564125 1410382581 556754 10384842
1073741824 52 8352189207764 2480284665 1351382311 2012094683 842592579 7622596523 551708888 7749678813 608070 541392110 6991809002 2085641 40833546 144788843 248606791 1535792230 459422 7309749
1073741824 56 9594064914452 2910193685 1632416116 2345979179 965208462 8219114349 765200940 8189238914 715927 576194882 7359288797 2476432 65307622 296174278 280839011 1837177340 432234 7966032
1073741824 60 10698021505813 3129225608 1717880326 2312530759 985659862 8822554507 621021082 8981875917 851295 613426613 8104981857 2573752 45681047 139846945 293933832 1998212190 320064 5762017
1073741824 64 11925686286658 3357873693 1832182987 2350653955 1015558188 9417963794 577567168 9661351952 906591 643092397 8735814252 3824056 41352966 82677110 304895424 2192801506 202690 4901000
