# size thread(s) cpu-cycles node-loads node-load-misses node-stores node-store-misses node-prefetches node-prefetch-misses offcore_response.all_demand_mlc_pref_reads.llc_miss.local_dram offcore_response.demand_code_rd.llc_miss.local_dram offcore_response.demand_data_rd.llc_miss.local_dram offcore_response.pf_l2_data_rd.llc_miss.local_dram offcore_response.demand_code_rd.llc_miss.remote_dram offcore_response.demand_data_rd.llc_miss.remote_dram offcore_response.pf_l2_data_rd.llc_miss.remote_dram offcore_response.demand_data_rd.llc_miss.remote_hit_forward offcore_response.demand_data_rd.llc_miss.remote_hitm mem_load_uops_llc_miss_retired.local_dram mem_load_uops_llc_miss_retired.remote_dram
4096 1 45566304585 329313 327290 10045387 603065 369864 41047 820380 887 363794 123384 2366 157854 4636 15395 19787 2 377
4096 4 183444148142 4101332 3256013 40967840 22280696 6097544 5019425 3859000 2508 788645 114951 6181 953395 117733 979710 1144506 291 158916
4096 8 368858191564 9136929 7062717 79988192 41696729 10171475 8393627 6971542 2622 1476155 172507 8142 1422423 332182 1975745 3885751 608 271680
4096 12 560365075973 23933624 19539323 122084916 66507506 18735355 16588504 10391360 4891 2217283 220695 12789 2808920 590145 5255629 12471184 1213 1077385
4096 16 777347469753 57626746 47957664 170392440 89603984 37404304 34299176 15758814 8805 2897007 242562 23473 3284022 800505 12335044 35530149 3206 2717575
4096 20 992007864407 78599525 64538256 216477835 112095321 51463023 46470219 20871744 7690 3320242 346064 30706 4735696 1269997 16626116 49267496 4673 3691888
4096 24 1209613012966 95144975 77463397 260540671 132883854 67778454 61504568 25802287 11523 4156373 471184 34327 5284616 1104995 19452072 60940791 5697 4530660
4096 28 1447876766800 113168447 91933671 305740818 153281515 80670747 72228536 31552407 13168 4971694 905171 42712 5398192 1756744 22875989 74746899 6942 5416705
4096 32 1709677821835 132718128 107343798 352094494 174093043 90892794 80918396 37848766 15098 5359567 1284632 57493 6953626 2088577 26731066 88213077 9582 6167077
4096 36 2015087893654 149731947 120902551 395978414 191418895 97413036 86580549 43219515 19057 5518390 1458621 70686 7207601 2494292 29947070 99907782 14752 6568491
4096 40 2339071129725 166530929 135339705 438154233 206297557 107909786 95932147 48414886 25967 6001458 1865762 80420 7918021 3214916 33760597 111556336 19703 6813103
4096 44 2713278109535 187727231 151074311 487268114 227628709 120330577 105973117 55883292 28130 6873961 2505220 91667 9434069 4174288 37748218 125238752 27090 7366166
4096 48 3125950115008 209945457 170533969 534159377 244832352 144641799 128399580 63367303 30874 7892797 2551886 104458 10117931 4738072 42866711 139649162 34721 7567407
4096 52 3599134969510 231151627 188477563 583492974 260363226 156997197 139167594 71307347 33022 8483533 3221700 113059 11430449 5850430 47410858 153768267 46197 7472453
4096 56 4106008680520 255139038 208351560 630739738 281166825 175082482 154897583 78111555 30963 8808944 3597607 128305 12845324 6427662 52812113 169132177 57895 7501650
4096 60 4655626239831 281504912 230996899 681010008 302307746 189095163 166715304 86252146 33864 8726012 4259919 139490 15730785 8103414 58467984 185843735 74263 7558961
4096 64 5172893393856 312531944 257630167 725887633 316330940 207722029 183177860 95472212 31962 10860597 5446814 167098 19164237 9638737 65159631 203262494 91695 7597385
8192 1 44902287461 286780 349685 5079119 300770 92123 20130 331734 659 237595 44196 2290 1390 1422 13759 22485 0 150
8192 4 180094339298 2086099 1538756 20519707 11368757 2640990 2214382 1810161 1429 424416 57720 4390 520516 105514 457299 503809 122 119396
8192 8 360683968867 4132762 3216297 40865770 21889918 5314743 4309260 3691774 1608 805485 137617 5710 912684 170556 964266 1305800 290 173865
8192 12 541337505648 6276396 4668783 61209813 31146935 7394767 6117045 5431395 2394 1186190 155102 9941 1147776 311775 1372220 2183694 446 259985
8192 16 724260738871 10625776 8405563 81185866 43310161 10043150 8486248 7146950 3784 1293444 236275 12389 1596133 391489 2403597 4806560 566 401294
8192 20 910297576977 18692797 14750468 103617541 54395658 15094511 12983726 9189210 5076 1860148 344721 16854 1898252 449571 4273129 9628743 1044 782977
8192 24 1110918027336 37522595 30365778 126646937 64519406 22505511 20302423 11793525 5631 2137857 280991 21120 2591676 715187 8088455 22558626 2048 1714102
8192 28 1322002383734 54847230 44292576 153601396 77261588 35448988 31996595 15939029 7645 2871224 381658 21857 2764082 805074 11818478 34378320 3235 2474218
8192 32 1561821705707 68302455 54847607 178040863 88745112 45193185 40760145 18922278 8180 3290605 439875 28924 3619862 791544 14640491 44103476 4543 3032869
8192 36 1850605484052 77939591 62415291 201016128 98679133 49840781 44744775 21436894 11433 3255148 547119 40874 3668156 1073735 16868272 50685215 6905 3137772
8192 40 2145054636133 86424929 69023372 222429783 107133768 49961348 44372716 24182025 14108 3611302 637728 50120 4012232 1227582 18576618 56800442 10714 3130490
8192 44 2447641816831 95221783 76363765 245224465 116359542 49934234 43880701 26771164 14902 3657913 945104 60986 4054862 1630012 20134671 63342110 13995 3186598
8192 48 2775760107760 104712866 84046886 266795833 123893344 54683403 48062885 29900035 16400 3902396 968863 67432 4013663 1588356 22446866 69738888 18150 3203920
8192 52 3134245234489 112929643 91428544 289779020 131551385 59007359 51560432 33057401 17078 4021963 1082153 71985 4522539 1757295 23719352 75727722 23216 3299471
8192 56 3527124386057 123801936 100540483 313631276 140849724 70143826 61499251 36827257 18889 4296984 1619821 84628 5058390 2194787 26286732 82567527 28834 3270735
8192 60 3955909349640 134637269 109462207 337628483 148690884 81822576 72341097 40800089 16671 4711354 1578648 85586 5623144 2227047 28264116 90227697 35305 3220748
8192 64 4469538986270 149989306 122169461 364111088 159926414 90739534 79756886 45258745 15675 5024184 1898978 89195 7154972 2771819 31166132 100175354 45457 3346957
16384 1 44574300986 265857 353500 2604016 193672 50075 5988 196532 712 122184 32980 366 852 988 12767 13212 3 130
16384 4 178455734447 1036251 843635 10475067 5914859 1278587 1061953 971554 740 288775 45886 2587 336270 27117 276726 281374 82 30929
16384 8 357139134972 2122780 1649673 20849140 11220968 2399758 1922875 1837690 1056 441655 95786 3887 465788 121104 507336 503041 187 84690
16384 12 535652637178 2973983 2269477 31439214 16898283 3660143 3032718 2874669 1315 720075 138827 5374 857281 164790 712235 773908 290 118532
16384 16 714697620151 4268768 3310365 41906409 22483195 5313847 4344702 3788638 2657 836260 170429 7880 859951 178922 1038237 1295290 352 178088
16384 20 893369950260 4748380 3540225 51960772 26522556 5716380 4582946 4609144 2013 1013892 239465 7895 1051693 277645 990868 1604932 472 172226
16384 24 1073210113532 6813076 5167742 62535659 32332294 7359898 5950013 5683522 2361 1226367 269519 9286 1169918 429536 1510437 2605970 506 252836
16384 28 1253677612188 7526753 5638995 73972808 38136205 9160490 7560605 6642230 3462 1269455 299970 15484 1584978 479144 1733210 2756266 582 311820
16384 32 1455513214574 18541891 14501390 86345636 43644635 13959974 11888336 8540884 5817 1682302 365562 18518 1620257 641760 4024860 9783104 1204 765262
16384 36 1750000687582 24737112 19671294 96958803 46909998 15747092 13304023 9958166 5417 1758266 460690 23115 1905942 706012 5673868 14340468 1906 897279
16384 40 2035105123465 25973985 21168080 106278303 51261980 15743767 13089680 10786123 8395 1913730 517395 29858 1941970 752886 6194973 14982900 2537 775196
16384 44 2337537294614 31010049 25281905 117209364 54072376 17220794 14112500 11919061 7719 1937203 522330 32142 2082855 893435 7319633 18710132 3737 809298
16384 48 2652285375049 38789094 31826273 129811645 59579751 22297271 18650406 13737558 8591 1989132 607213 35492 2477039 898448 9145765 23882704 5832 914938
16384 52 2999823383761 47809231 38942526 143181725 64056898 27837902 23585277 16170936 9887 2321969 637965 43414 2479416 900699 10945374 30277463 8827 1089874
16384 56 3374915157702 56394613 46092088 156628214 68686160 33258505 28455541 18728146 9535 2618830 854573 43994 2994065 1065659 12665633 36070063 11538 1184644
16384 60 3792580680736 63933305 51441991 170523886 69979575 34261857 29149413 21757063 12262 2602353 853837 46479 3190806 1295225 13681864 41367098 13458 1360823
16384 64 4279456448356 72939547 58736364 185105020 71870401 38097482 32587511 25761082 8471 3037046 898087 46515 3565540 1661362 15296985 47837479 15141 1489517
32768 1 44412933357 258082 291658 1361670 128974 30079 5734 103688 292 45521 22448 356 340 533 12084 10502 10 112
32768 4 177631916397 686189 609032 5532782 3110442 821429 644234 567808 1724 117515 39698 1079 14018 7092 207919 200443 76 10792
32768 8 355335116725 1108210 951564 10945488 5292728 1349391 1026898 1131938 1617 293730 101729 3169 353298 50788 322216 304081 112 18488
32768 12 533190559452 1586210 1205947 16492297 7746680 1799721 1379837 1647156 700 382608 123702 4096 389760 141108 377143 426195 140 84249
32768 16 711224141815 2302555 1766578 22119903 9742862 2456361 1811475 2210527 1027 431232 152293 5291 402914 194852 505295 644247 235 83044
32768 20 888883841288 2658851 2078951 27796682 12544912 3224164 2463418 2783726 1419 621824 197977 9906 502289 251131 590558 745009 268 78266
32768 24 1067612061447 3236006 2471417 33410319 15404415 3725094 2871381 3240607 1958 728747 257540 9147 801850 340504 712429 1042318 351 106884
32768 28 1244940781403 3711665 2760261 39314799 18384474 4405016 3414618 3545169 2535 825098 351038 12736 942477 437798 739475 989013 388 147628
32768 32 1431861180516 4146043 3043450 44839239 20725747 4785167 3693690 4342495 4549 882544 346098 12052 904284 467019 738362 1255311 442 140121
32768 36 1716355490478 5138067 3899845 50002080 22851066 5711265 4280206 5044796 3833 1052081 388252 12862 1104742 549683 1098072 1907284 559 136374
32768 40 2004686372129 6205320 4902277 55726028 24853139 7068761 5229425 5704907 3024 1056224 454984 14746 1187239 560038 1511006 2442701 678 165214
32768 44 2292142783450 7204815 5648552 61119854 27245315 7388209 5407513 6324863 5053 1077205 501835 17465 1169944 624924 1628098 3017370 782 168711
32768 48 2588469905282 7889444 6280228 66740307 28556941 8275052 6022667 7130495 5541 1079226 546012 20447 1273049 702957 1795566 3504473 789 164793
32768 52 2952969626991 9253386 7316126 72038622 30559872 9096592 6522605 7879441 7448 1327059 656109 27818 1546099 798792 2059939 4362546 964 160529
32768 56 3302159104452 11067278 8806916 77792370 32854254 10197410 7355600 8454702 7644 1245293 639642 26997 1600048 854584 2395336 5494056 1208 205916
32768 60 3705430348439 15603238 12564146 84343286 35643936 12967571 9839300 9397569 6476 1442304 751605 30583 1634895 891422 3355416 8475102 2242 242806
32768 64 4133846523437 26326037 21456821 92825680 39420762 18131055 14806205 11296710 6670 1586231 705257 35828 1716773 941148 5422392 16049153 4475 414703
65536 1 44490818249 205218 204167 692904 82553 33694 6254 75393 50 14383 15545 28 166 352 10453 11784 1 73
65536 4 177730010892 612156 600602 2841831 1298638 412720 222364 292654 66 50626 36351 578 6026 3259 148454 155478 59 4030
65536 8 355477749003 933840 850140 5706811 2076798 787547 508316 837907 1735 126817 69535 2216 19634 10405 277905 235428 156 8242
65536 12 532817888650 1083837 979588 8644715 2969511 1125514 702897 1227316 627 263140 130164 4620 230578 32590 339302 331482 137 15544
65536 16 710514011667 1392772 1208472 11555453 3830452 1356683 860993 1594568 1000 312299 173369 5045 367603 162843 409416 421536 171 20973
65536 20 887938239043 1978917 1542378 14531717 4828137 1655868 1018657 1885493 1007 336784 182761 6134 410996 196697 473637 570396 215 96256
65536 24 1066540708521 2397890 1910379 17467898 5595363 1907372 1174637 2203190 1387 395723 228194 6443 473622 251465 537572 666247 257 85887
65536 28 1243693211130 2721781 2177647 20576309 7307295 2344410 1457134 2498256 3913 438155 236818 9367 444728 274095 567700 776118 301 81492
65536 32 1430762873622 2806709 2237109 23688982 8852861 2692295 1710429 2954177 2009 548216 289270 14415 521861 308017 530559 935265 373 76069
65536 36 1713600926513 3170045 2568431 26784743 9950534 3218499 2099186 3352846 3789 595425 357094 10767 761013 387388 694673 1112936 325 72027
65536 40 2001051826640 3641182 2959692 29817015 11460798 3739304 2492609 3758565 2998 651150 363704 11852 883258 506434 806185 1337398 464 69684
65536 44 2288497115145 3889543 3170353 33196151 13360458 4109997 2726439 3997881 2218 676542 417929 16746 856541 521948 843373 1520094 418 91446
65536 48 2580609722357 4548704 3606461 36248360 14630161 4629883 3121308 4349095 2621 650624 439457 14644 873869 588918 924292 1714986 455 109809
65536 52 2932869696678 4950133 4009026 39566537 16618061 5481070 3787384 4672628 2811 755946 446790 19047 906943 562055 1013649 1918833 448 102673
65536 56 3292604967261 4992157 4048677 42752488 18072975 5912645 4076684 5109208 5398 780368 476274 17741 855991 610062 970411 2119398 444 89781
65536 60 3692388002737 5507575 4418942 45809271 20460106 6662026 4784827 5351241 3955 825412 502097 21804 994596 671433 1074465 2218652 457 81892
65536 64 4115962204705 6060452 4826189 48724206 22557345 7322096 5342486 5282728 4577 859435 573787 24088 1194394 820063 1058233 2648359 585 88252
131072 1 44416939875 158291 143536 349208 79411 7338 5260 26344 134 6425 1035 385 191 174 11985 11817 0 60
131072 4 177857189817 845437 785814 1379268 665949 239154 211090 115172 60 22341 2386 239 4526 3096 177454 361963 9 4201
131072 8 355413171334 1137283 1030008 2972870 1460506 707377 514064 341381 157 57659 7400 468 10798 6442 298589 415525 26 4954
131072 12 533151728952 1513231 1360169 4488818 2088392 1057911 823182 675880 1566 111622 6116 874 14975 7737 407580 677334 43 12050
131072 16 710623540355 1679960 1491240 6035017 2674825 1170911 969125 895767 301 216755 62057 3615 72674 33959 463666 713818 51 13867
131072 20 887784854631 1791442 1595228 7833835 3278877 1323042 1075542 1067532 394 250278 84037 2240 300660 114476 465120 859305 75 12325
131072 24 1065070637487 2145849 1921317 9363544 3806206 1414501 1154077 1254968 1061 287322 104488 4405 345633 225328 478508 923944 86 14666
131072 28 1243366989147 2693494 2253861 11070403 4777845 1554724 1251523 1415779 994 297668 108173 2626 335087 257108 470664 1139874 117 57229
131072 32 1432798007598 3089999 2545614 13045923 5739614 1766077 1417508 1648684 961 326083 137034 5858 353736 248129 501335 1242675 149 77212
131072 36 1711367350896 3310090 2768209 14754869 6512090 1956583 1570483 1797632 1054 354926 173665 6769 373138 275172 530678 1309034 137 73779
131072 40 1999989050661 3351021 2909458 16964488 7438704 2069561 1636724 1997633 1040 399153 175371 8828 385458 299852 541170 1424905 160 74132
131072 44 2286571731043 3447913 2988380 18697301 8193268 2457046 1905837 2250166 3795 422329 198468 9472 421810 342698 514022 1524038 187 58972
131072 48 2577503869050 3676763 3128496 20504181 9249523 2633326 2029206 2448562 3591 498892 215062 9622 496103 344709 549257 1693025 221 60088
131072 52 2930394201843 3847607 3314346 22420998 9970200 2577909 2010599 2660393 4296 523561 224782 12044 515091 343660 566356 1747672 194 57050
131072 56 3289684412750 3901407 3415758 24365916 11146444 2704412 2220751 2699892 2314 573501 275094 12580 706209 429162 564713 1816302 193 52436
131072 60 3687351494886 4037978 3513734 26132749 11861362 2637759 2111484 2735647 3953 600276 344002 11040 835826 465583 581224 1936444 239 56456
131072 64 4115881874575 4205724 3364116 27260864 13098432 2425053 1944002 2214047 2300 550124 309308 14893 813537 612261 486564 1740670 171 60778
262144 1 44341726166 119765 109166 148263 34817 3133 2965 7377 3 2443 497 216 146 76 4053 5425 0 32
262144 4 177605516802 747295 655218 692308 353522 84016 74031 47032 40 6737 1478 294 1688 202 121974 206224 17 2523
262144 8 355150774028 1059122 1037194 1767251 710032 170548 137398 226440 118 24525 4835 435 5994 5931 234905 309771 69 2714
262144 12 532653979939 1262459 1311851 2867716 1116741 391076 224023 352539 147 44917 3990 1436 6779 5023 281998 443101 62 4240
262144 16 710251038409 1475249 1475872 4106003 1447874 569480 410080 560798 780 71691 5868 1572 10378 7638 344526 526193 135 6287
262144 20 887624804227 1648721 1637717 5197249 1826884 660101 514911 785512 1022 138077 11225 1581 13782 9683 398744 690480 115 7894
262144 24 1065231971416 1659458 1671387 6498543 2139229 722986 588919 949724 781 221242 74919 3889 98317 52858 371255 750039 169 5939
262144 28 1243434270276 2369235 2225145 7123216 2580274 758038 551426 1041086 812 228396 102262 2931 243030 56847 352880 1057310 181 9196
262144 32 1430532834696 2368000 2283088 8722718 3101565 859123 587891 1175565 592 254772 118858 3803 411280 214740 338049 1252658 221 14028
262144 36 1710539305414 2474613 2326511 9937369 3729584 946302 690448 1309020 541 293378 137796 5559 342578 279993 378893 1323726 134 22054
262144 40 1996966220238 2723016 2594896 11219435 4360169 1025864 777748 1401899 997 315594 138569 5501 407644 313255 393870 1361758 73 34970
262144 44 2286311271252 2975161 2738135 12561033 5027723 1289709 895153 1566140 1098 314841 163226 5284 414758 297469 416560 1403113 76 48773
262144 48 2577825349804 3542897 3151986 13669333 5539623 1356756 1005217 1755209 1674 374791 169683 12403 395650 328016 446271 1567073 173 53741
262144 52 2929100616820 3997163 3564457 14945378 6156760 1533821 1164019 1842632 2402 379812 166528 8476 441034 288967 437177 1571236 138 60179
262144 56 3289846559593 3835939 3501045 16512632 6925938 1739856 1255728 1945140 1327 371775 198032 9840 497242 389136 425688 1638774 120 56767
262144 60 3685108751852 4356243 3814126 17317140 7248899 1851596 1345573 1989251 1084 416857 216164 14517 500238 404375 446945 1682789 113 54878
262144 64 4114441959437 3771672 3475209 18743602 8019783 2168135 1364987 1772909 4394 472947 342677 16992 488103 353184 353425 1468678 112 47120
524288 1 44323748933 132282 126021 121952 37281 5148 3638 9066 3 1908 666 6 129 40 8088 9242 0 46
524288 4 177510609942 702570 595876 444248 213742 62141 55620 25915 48 2850 416 259 1684 770 96055 146250 12 1661
524288 8 355163005563 1122843 1146839 1296359 466644 144008 164366 175780 33 11786 5584 1060 3636 658 199652 220155 58 2782
524288 12 532731896968 1327358 1454186 2305146 785097 294714 194807 278761 137 24012 3649 1032 2406 535 237640 357074 66 3586
524288 16 710362651540 1298974 1597942 3596374 1078422 455482 211985 369914 220 36220 5570 823 2660 16725 309358 480060 86 5642
524288 20 887565774404 1724453 1897280 4473408 1379132 538626 315838 551895 1032 62703 14926 3706 15738 16200 366795 609723 19 3326
524288 24 1065475507826 1571648 1855820 5764752 1985083 841897 540236 831982 2308 109000 42478 1083 26490 29394 351584 663228 44 4156
524288 28 1244126096229 2042143 2089465 6427228 2286426 768591 563717 957970 476 171695 74868 5109 61627 38714 329767 833547 41 5639
524288 32 1427351238979 1926716 2026157 7235966 2814859 1018547 628001 1108324 641 241647 135344 9079 213885 54379 280199 897631 94 5124
524288 36 1710784318103 2491313 2559375 8324850 3072684 1051759 649222 1245587 769 291303 219100 11961 282623 93910 321443 985266 64 5243
524288 40 1998538458804 2548246 2589852 8927133 3537837 1355215 782698 1534675 1637 353442 348958 9782 393045 112092 355122 1083060 51 3875
524288 44 2286273363546 2412783 2412593 9680223 3851265 1708353 924323 2032308 2696 427430 676716 14443 537285 279224 382844 1210396 75 19454
524288 48 2576049260851 3093722 2674803 10744864 4065751 3616995 992573 4102339 8037 687702 2418599 23978 527760 368322 372198 1340137 98 31762
524288 52 2928007613955 3579950 2942996 11424815 4094410 4141054 1263825 4921324 13055 935302 2825655 39658 602341 411359 379685 1393665 194 43534
524288 56 3289731463241 4381534 3243972 12259350 4329140 6931824 1460456 7748838 14240 1354819 5262414 70356 645512 674725 382435 1497119 205 54389
524288 60 3684740428658 6159341 3421381 13287633 4151129 16909493 1631504 19087267 51100 2683534 15068574 142282 733453 731605 381182 1556931 406 60038
524288 64 4115650537825 8936316 3925799 14864477 4163588 35569184 2287223 38805292 79869 5065842 32671764 321764 997161 1366830 317374 1362633 592 50158
1048576 1 44309788467 147444 134820 94148 30002 4149 3392 6248 2 1504 2862 213 158 52 6710 9757 0 20
1048576 4 177485440300 699476 684504 587101 203977 64816 67910 28172 6 2524 2240 109 1180 2026 93198 107605 20 957
1048576 8 355248184041 1250645 1345661 1718045 527149 135857 103936 149524 23 7431 9061 516 1239 4242 188629 184677 56 2581
1048576 12 532691770879 1403024 1705538 2798217 798354 295877 215754 275354 102 15282 28473 4359 2258 5453 251333 369481 73 3310
1048576 16 710364278782 1458539 1904252 4242666 1514244 431563 174419 380727 138 28279 61264 6806 4587 7676 318343 451346 130 6416
1048576 20 887167197532 2031005 2406709 5009999 1710379 1419918 273034 1438874 1903 144163 907329 14862 12141 23767 362970 577704 92 4494
1048576 24 1064247234874 2044223 2368678 6017334 2224675 2462772 557488 2341022 13056 281173 1469961 35137 35784 83819 361417 629824 198 4602
1048576 28 1242471706031 2636023 2332822 6139974 2321221 7529289 788316 7816573 22777 889096 6250744 64754 75526 193453 332807 777522 116 9722
1048576 32 1424698645080 3727533 2694248 6861791 2544589 14461806 1230238 15465700 35517 1720037 12847643 89747 170155 389125 272190 768405 163 18067
1048576 36 1712019511732 6689034 2976929 7490340 2657503 38371275 2225445 40992340 134040 4104550 35685415 202632 343440 1308576 348652 925200 545 25287
1048576 40 1998373389431 10111484 2775112 8011770 2805924 72300891 3500656 77711772 139333 7710169 68889312 360406 638218 2273936 343533 885692 816 35231
1048576 44 2291937584255 19756025 3496631 8313922 2729973 162814402 7134006 173524608 277887 16053096 156178960 628254 1311868 5843154 409883 997009 2076 45242
1048576 48 2584210915160 32130451 4254157 8859035 2583907 278981380 11350595 296418790 382401 27094060 268157408 897860 2257888 9965728 424847 1084281 5273 75934
1048576 52 2937428492839 49744706 5343110 9991050 2836254 458379371 14730785 488123625 453454 42502755 444218909 1028944 2931410 13050709 533822 1147123 6131 74896
1048576 56 3300462605307 76737471 6420572 10754118 3028750 738741946 20568272 786007860 573806 66053968 718305165 1595227 4144661 18935780 684054 1137176 9031 102782
1048576 60 3704818080106 118753049 8534817 12052060 3083314 1179287165 28346813 1255155279 706266 102228166 1149900976 2018508 5512854 26354994 939252 1254014 10645 127126
1048576 64 4144908398677 180029107 11901240 12790920 3472361 1832701407 48607520 1939761192 861191 153439942 1781569895 2844906 8464099 46674587 1284233 1415402 13029 173763
2097152 1 44318894119 148663 137591 226576 34430 4669 3218 6822 1 832 4455 33 62 36 8198 9096 0 30
2097152 4 177495951156 799805 787326 997460 442081 199063 65290 34528 15 2596 3042 130 1373 916 86944 94112 13 2278
2097152 8 355439356091 1588758 1499112 2265829 1007444 681075 233682 295981 137 15437 123612 920 1576 4419 188265 192677 44 3636
2097152 12 532477701053 1951199 1928577 3334774 1405611 2299745 548080 2081685 323 157668 1591669 10419 8207 46252 200505 278856 116 10883
2097152 16 709675708164 2956270 2363921 4203901 1666575 11240120 930503 11711390 13246 915646 10447292 39433 48915 312647 310199 549030 120 23695
2097152 20 887366529938 7453887 2280136 4738766 1838065 63566059 1821093 67916026 58769 5613483 62164980 125658 176152 1152727 343177 608266 375 45254
2097152 24 1066534206197 20035968 3113270 5461248 2021182 202866649 6024391 214804318 118109 17409536 198646695 327132 701909 5000222 420362 874530 2039 104521
2097152 28 1247208095691 43633725 4053394 6080980 2288074 475898864 12117246 504026132 203446 39845365 464839129 591110 1522474 10994541 532564 981909 10455 203252
2097152 32 1433203296211 77557324 5444192 6625914 2474050 886558284 25511517 933446923 303169 72015211 861645132 908224 2906559 24146324 619798 1026566 32801 372072
2097152 36 1723050965350 106755816 7043712 7014068 2629193 1246766778 37204309 1306275885 300763 96296764 1208373387 1008552 3976245 35549254 843590 1259029 49527 331484
2097152 40 2012567052426 138683248 9456006 7831212 2833988 1618275861 53277280 1685818021 334898 120438454 1563888072 1111784 5505077 51323020 954034 1303010 62171 357000
2097152 44 2305429437587 173573047 9898936 8527492 2870137 2032689710 56676242 2124926000 413873 148187146 1973015531 1250818 6140138 54606246 1111728 1584040 68958 343811
2097152 48 2600927564752 219363271 12448755 8504177 2674344 2557406744 78871615 2662210043 489738 183547785 2474164130 1491566 8199998 76719796 1442976 2568516 81818 416622
2097152 52 2958939648580 265025336 13556938 9665342 3053224 3079451482 86989968 3210975873 518275 217501313 2988361109 1592667 9023857 84600855 1565608 2668086 87537 235320
2097152 56 3321803612508 315174222 17167828 10877030 3258059 3626834106 113968785 3765824777 628199 251415321 3508567337 1739949 11806411 111477650 1778727 3434291 82770 310483
2097152 60 3728398491116 367137512 16479877 11600231 3277484 4188630933 93844388 4384045044 639580 288661507 4089354847 1964945 11037758 91350211 1945721 4375753 64042 335355
2097152 64 4162478292470 419847887 18704832 13010008 3532820 4727298906 97258481 4951931935 648568 321568744 4624553115 2544369 12401388 95508519 2053623 4855848 23198 202197
4194304 1 44328862815 114421 103922 330934 38583 6072 4159 6789 1 699 992 27 140 56 6817 11251 0 28
4194304 4 177664985211 669097 662937 1121033 526182 725837 481270 244141 110 17383 158271 502 2944 1639 105430 122345 39 2106
4194304 8 355205229037 1730955 1389859 2936687 1248681 6251368 958168 5885418 7038 437619 5145250 18888 14545 88986 170397 169998 140 9503
4194304 12 533212050149 10565970 2164305 4190551 1526822 111759315 3002618 117879721 51194 8741789 108496568 105435 251999 2173655 217174 252356 628 68402
4194304 16 713595385153 41191728 3886462 5158231 1841567 488645561 13655270 512535384 105180 37370472 473863325 273869 1255414 12878790 427408 543811 7102 201911
4194304 20 894457711651 81830148 4301529 5808953 2238060 1009869088 17516337 1070840644 139380 77728209 991559250 371177 1710386 16646058 707163 915031 36589 260156
4194304 24 1076332252156 121196883 7209946 6588315 2462315 1499159468 43976491 1569749552 165874 113882058 1453754825 526266 4013238 42950723 961806 1781309 90450 583760
4194304 28 1258565627856 155680819 8787108 7290525 2691591 1943892214 58147866 2033454526 181544 146580831 1884795732 664879 5311190 57155721 1122585 2757054 182900 818475
4194304 32 1444175463776 186326799 9548527 8199909 2852263 2331724001 57824076 2451071783 254940 175971596 2272755347 751239 5417478 56309953 1277951 3611252 281333 796655
4194304 36 1731282612119 202391486 11804278 10541804 3391500 2509673160 71724949 2623843320 271943 184467582 2436437509 854796 6369488 70056446 1402551 4077550 250125 657134
4194304 40 2023701931807 229018625 13464026 12376246 3924285 2794402573 77458262 2921305439 342656 202006760 2716040299 990990 7058451 75368538 1468225 4669194 216611 616354
4194304 44 2315432202654 267862285 16048718 14766784 4718266 3223608363 100473478 3356363488 354165 229491257 3124301982 1208629 8975936 98037106 1667925 5272368 205292 703084
4194304 48 2614014633110 302009390 18434072 15152895 5283892 3595001920 122756868 3728902651 388008 252638390 3475170851 1388601 11027982 120009033 1673190 5627012 227726 783569
4194304 52 2967322664074 329393591 18378365 15731398 5440185 3869246494 102852404 4040672244 452307 269999898 3769853956 1475601 9693964 100021300 1742883 5982045 185318 446466
4194304 56 3333154200192 365189025 21017376 16581340 5824180 4229646147 127922955 4395323675 531313 290775467 4103867762 1601517 12003379 124986190 1838252 6562419 151234 598349
4194304 60 3739886761826 398208932 18179549 16392539 5845689 4541498115 81766984 4773452480 539847 311872049 4459840598 1752223 9221654 78439235 1926706 6893630 98213 388875
4194304 64 4173725168460 433028724 14703287 17951550 6005922 4854943522 27265444 5162002558 571192 332589677 4826040418 2205066 6743186 23860864 2261801 8036620 23957 189017
8388608 1 44358336255 133547 101419 361996 43868 213729 4275 243724 887 24178 207616 790 314 130 9903 9028 0 57
8388608 4 177742700957 1075730 745554 1302837 536361 4822694 706653 4359531 3301 321255 3815715 6513 61332 73046 225318 239440 86 10293
8388608 8 357105044475 21902832 2116040 3018827 1217510 262701317 5590125 277252149 47549 19703840 256704010 111751 519193 4723227 392954 520054 1222 94519
8388608 12 537945888660 61627170 4489101 6448083 2137274 770806238 23248171 805351147 68038 57066120 747738576 171483 1937740 22586024 532939 926269 13944 320663
8388608 16 718711826233 92245159 6515186 8864579 3378448 1169190626 37418738 1219938992 88768 85533847 1134384225 247476 3199898 36198282 752063 1431708 45172 480480
8388608 20 898898440075 118348018 8266884 10556550 4072015 1500551972 49872441 1562505487 112321 109831787 1455080056 348334 4249560 48646860 866252 1949716 88565 632530
8388608 24 1080387122707 143976770 9667490 11920049 4845827 1804872325 56103929 1883735383 148711 133834247 1750918114 425198 4816346 54004930 1069655 2705301 145279 741345
8388608 28 1262040192528 168519875 11570970 12899718 5258455 2109483867 74089129 2192678538 156996 156323142 2035277503 539400 6422879 71731171 1406888 3961393 224148 1011590
8388608 32 1447886842432 194290464 11125973 16647810 5883985 2410799726 47493985 2546622052 199007 181431505 2363132946 679122 4496537 44877369 1591762 5223092 306200 760537
8388608 36 1738531513871 214811700 13931953 19870614 6717973 2622670768 61410736 2756617545 259924 192973434 2561533950 796592 5801586 58664834 1985621 6980416 264383 625779
8388608 40 2031350667519 250440262 16606990 23248709 7890076 3009604745 74746439 3156403561 294404 217407399 2937479539 980660 7148675 71728189 2184393 8453050 234580 622682
8388608 44 2323995625301 280252880 16345496 24012136 8531644 3325424786 57789843 3510578566 324521 239389187 3270142724 1092881 6203156 54057301 2363439 9564405 223151 495226
8388608 48 2619524265238 309223381 19336378 24682008 8737480 3629164771 81534880 3808332539 358674 257968779 3548916640 1204281 8108785 77828633 2434296 10595475 236697 517700
8388608 52 2980526354478 340460590 22121329 26520858 9073576 3933883211 98239739 4111886697 407334 273974389 3833986262 1384166 9662496 94286761 2750267 12454564 186786 518728
8388608 56 3346277981372 373066274 22976946 27509616 9427592 4244954630 95557932 4445224939 484905 292887167 4147593168 1426621 9703430 91058687 3037678 14757901 152398 591265
8388608 60 3751372650147 408103103 23880163 29459222 9853577 4549672757 86130397 4778514676 415344 311303235 4461990158 1631084 9519005 81575312 3261376 16357236 98670 438593
8388608 64 4186435372854 443115947 20266748 28707098 9514752 4858770893 14202042 5180391198 388173 333796557 4840781086 2097473 5264784 9160953 3305084 17700807 24483 214002
16777216 1 44566971855 2647240 143094 463016 27359 33257623 7951 35779292 17549 2519206 33207442 20874 10777 4056 9335 7723 2 962
16777216 4 178824164791 11646917 1796791 2523775 962508 134644324 4993969 139652580 24973 9800805 129247526 52672 472268 4071545 322548 308171 280 104516
16777216 8 359760626641 46659265 3600970 6005604 2414832 587302305 10254924 620737288 44604 42880624 577286615 100123 927225 8892213 714623 973777 6006 201600
16777216 12 540464323684 72141780 5993301 10659093 4108187 901805646 27855543 941861684 55925 65811989 877165529 141712 2304165 26782096 866568 1716980 22235 424351
16777216 16 722072400911 97044798 7380201 14165552 5315548 1203649050 26817263 1266976440 78830 88935478 1178407375 212442 2370999 24922567 1155162 2677475 48244 506903
16777216 20 903141433914 122475452 9463795 16570116 6386535 1506583025 36678856 1583054134 97043 111874572 1470655716 272198 3132529 34365648 1653264 4343267 91112 632788
16777216 24 1086293349816 149389330 11334266 21841288 8169936 1808587955 29140638 1918011921 119748 136070885 1781248676 383305 3021411 25542710 2066804 6446841 147588 584273
16777216 28 1269560761372 176750154 15538755 25706702 9640658 2109063008 55181218 2215266828 146693 158956459 2055595570 477780 5355813 51237159 2327082 8280760 226660 967939
16777216 32 1457612841016 201914833 16856844 29761988 10836890 2411403280 50445548 2545519955 188361 181401928 2362942869 652683 5514839 46132319 2723865 10661364 305439 995364
16777216 36 1748717260326 230110002 18382566 32386565 12199704 2712265510 48296352 2867208572 244293 200634845 2664510238 706407 5121679 42638581 3196830 13056724 262259 745034
16777216 40 2042942713898 259399315 21517674 35879716 13304058 3021517248 59033267 3185029483 259164 219342625 2963385119 824387 6287323 53351359 3501828 15629508 231072 689862
16777216 44 2339142125636 291315346 25283518 40194686 14690581 3326863488 70163042 3498818580 315554 238202060 3256254514 929150 7382358 63706298 4043302 19042016 225447 792867
16777216 48 2647101313188 323342163 32487805 44196565 15423948 3628105904 121759480 3764745960 334297 254988985 3505170441 1108934 11096821 114734172 4345484 22302049 225953 1107098
16777216 52 2999751532057 357194383 31947745 49125003 17118338 3937947156 71008647 4148487826 388676 277037425 3866767004 1178482 7807144 63923708 4637889 25508924 197288 538811
16777216 56 3369262048833 390054703 34138296 48518262 17095339 4242745510 82772454 4458014454 416357 294535744 4159223440 1293431 8880365 74988596 4918032 28014198 146464 604366
16777216 60 3776162764385 427103132 34468532 50443984 17630883 4552551490 55086486 4814589597 443906 314467044 4492484564 1399661 7377172 46122100 5611342 32328974 90874 413618
16777216 64 4211843907315 461607805 34254691 49499944 17343500 4857085188 20326639 5176006313 484280 334255716 4834961598 1814903 6083710 12001213 5673919 34523167 27719 250340
33554432 1 44861268219 5725909 214586 1008976 42527 73493546 10371 78925305 13973 5509083 73409884 36451 16816 5052 9181 9355 8 1157
33554432 4 180477347564 24441030 2801222 4876656 1858321 294752355 6091826 310566037 19539 21484646 289230682 47102 635794 4646852 580191 659155 192 205979
33554432 8 362520414142 50412763 5548074 11782976 4678685 603519728 15598573 633337503 34035 44342160 588261273 89494 1582001 12804205 1254206 1976696 6685 430003
33554432 12 544596760817 75222077 7690192 17981935 6747564 902292338 21362820 948454558 50818 66532236 881233128 131910 2162523 19158850 1545898 3413450 22759 551364
33554432 16 728458083178 101741476 10977204 26299484 9370924 1204241332 25178246 1269999147 69768 89156572 1180036868 206608 3120197 21807938 2329217 6140811 48041 557900
33554432 20 912503947628 129388319 14759132 33211963 12058730 1505485186 31570331 1587991514 87092 112146411 1474152924 294747 4223751 27108651 2992492 9211874 92108 760549
33554432 24 1098124167879 159030519 18245986 40736296 14596602 1805663052 31356275 1913769172 115837 136795530 1775043336 365906 3704934 25381250 3634068 12566518 146634 956731
33554432 28 1284352904438 188684783 23374208 48376059 17640310 2107713860 41686973 2229805455 128915 159958021 2067141104 441240 4630307 34191970 4311961 16864728 226380 1080938
33554432 32 1477140978217 216954105 27532718 56504033 20041259 2410984656 43465370 2553541941 172786 182213936 2367291145 586621 5115764 35047077 4965822 21542935 308272 1201204
33554432 36 1772647676177 248435040 33631121 62983996 22601561 2715303890 73223328 2845591803 219612 199601581 2641441530 604912 7284903 63186983 5918714 26687284 262031 1191933
33554432 40 2068131679244 280824017 37705632 68757668 24595565 3019385215 67532864 3176434184 232762 219262787 2952291467 739704 7544900 56875459 6554726 31763749 233980 941048
33554432 44 2370236394922 314409874 44316499 76780962 27099287 3323484521 103037348 3461860623 295502 236606074 3218970782 888188 10662397 91179895 7168905 37968972 230453 1142622
33554432 48 2674697818521 350677243 48169682 82633783 29346106 3627884884 73639479 3819052447 309865 259133234 3552931787 954448 8392316 60921431 7930986 44126351 250649 892559
33554432 52 3043626054516 386166760 56333516 87261683 30765080 3932805905 113028562 4100393386 355569 273926567 3818641549 1098432 10915169 99643032 8509637 50141216 189188 1079075
33554432 56 3416030858837 424821073 58727129 92509213 32149304 4241609081 81850757 4462318971 384656 295753607 4157037979 1259651 9533368 66306286 9482076 57259026 153355 676860
33554432 60 3830804533518 462614425 64571285 92385461 32475176 4547152858 99110482 4767456055 454278 312866208 4444046704 1291629 11218593 83932533 9840972 63201455 98457 657807
33554432 64 4270107421271 501841811 63406199 93395647 32832516 4855451223 41490710 5155644917 478557 334350228 4809965013 1851793 8427182 25208743 10499484 69063738 38296 319733
67108864 1 45002014789 5989630 334363 2062130 78658 74820551 11230 80682233 24385 5697048 74999819 23349 15425 4397 12137 12766 8 824
67108864 4 182379984323 26557719 4179482 9413537 3278906 301817416 9408645 314750413 20272 21838125 291904615 40785 989480 7872061 1037301 1305016 313 379316
67108864 8 366283112084 53160812 7381913 21437888 8669822 603218062 10002452 639243632 36817 44560880 593021286 71577 1591996 4908119 2141538 3608055 7234 335058
67108864 12 552559105590 81413978 12612803 35194052 12537564 899125587 16616850 951021565 51345 66608727 882706703 149062 2963419 12956982 2835263 7148837 22753 635410
67108864 16 740265280900 111014008 17635578 48803138 17600351 1199716021 18782267 1273509785 71597 89567186 1180749198 177242 2877691 13212543 3988674 11879995 49331 828323
67108864 20 928550882575 143577164 24065442 60912387 22183994 1499297849 31599935 1584533154 87510 113421647 1467089535 282082 4063299 23790990 5416425 17976226 92470 1032301
67108864 24 1120229347384 176567996 32361834 75643900 27638759 1802681788 38780795 1903813140 109762 135671611 1762874858 379820 5187527 27369801 6817660 24795218 146030 1435483
67108864 28 1312945079220 212141208 40690597 89826472 32649695 2103597921 39900135 2229311102 127566 160080994 2062355018 417533 5519692 25910327 8416237 33557709 229811 1602253
67108864 32 1509102717528 244997567 48902346 104184234 38780943 2407325256 48540965 2546920431 167534 182147058 2357745405 497858 6127302 31251257 10125326 43124127 313212 1629970
67108864 36 1811739846379 280046259 54545074 112728774 41297229 2709722369 57615918 2860312123 193034 201160972 2650977148 648875 7115583 39185272 10713171 51287609 278147 1309332
67108864 40 2116522098734 318193852 66139956 121898635 45352489 3015517853 89179674 3152671392 240661 218738359 2924135730 728044 9890668 66985889 12524857 62522568 242686 1504393
67108864 44 2428130671310 359945148 75278785 138701153 50506141 3317362569 75343460 3489931463 274548 239234252 3239825845 831464 9256497 51957246 13963013 74979010 233769 1228433
67108864 48 2743860719397 400378445 84960268 149425262 54008526 3620685538 98442538 3789853560 309392 258136903 3518576354 938009 10829032 73561569 14777806 86439311 245927 1358812
67108864 52 3116785909552 443625796 94489667 156150689 57568793 3925737816 87152574 4126743354 355605 277615703 3833903183 1020984 11050852 60519078 16355669 99429293 196191 922139
67108864 56 3504856627919 488713442 105850326 163766620 61047022 4234301411 100600267 4440414992 377707 295424593 4129142524 1171384 11644414 69206764 18203601 112534186 160147 974524
67108864 60 3924247700807 533981241 114424324 164444005 61486064 4537396174 76655345 4787911242 408815 314714049 4455056495 1363291 10433243 48069292 18943324 124815193 99181 728098
67108864 64 4382229461214 579683437 119228556 167394561 63965852 4848151987 46509765 5148161912 479326 334448433 4793989828 1830500 8858958 13740890 20240585 137613814 38354 510281
134217728 1 45304615985 6134975 408872 3790454 146301 74030731 11262 79783186 29448 5546411 74153088 23631 16016 5181 13846 15462 9 948
134217728 4 185541978351 28675992 5774676 18713593 6306422 301778418 6933273 318111811 17707 22459123 293639807 43619 1225337 2063038 1841477 2343135 563 272375
134217728 8 375096053374 59429932 13290567 41456445 16792812 601486559 16241930 631904401 34660 44247765 584125535 111237 2153640 5772365 3950783 6897682 6984 609620
134217728 12 567522816937 91453847 20356849 66687484 24144544 892798581 14982983 948491103 52669 67383212 877993560 130014 3207774 7536307 5322794 14047430 23487 861802
134217728 16 763083005272 127573263 31124877 91804691 33578504 1192179343 26427564 1259444860 69336 88776204 1165402502 198304 4242882 14762113 7505447 23215261 49918 1324464
134217728 20 959947764662 167194168 42161128 115019994 42392480 1492550374 27418731 1584263205 90527 113234888 1464007212 237977 5033131 11340665 10149420 34771247 93905 1436130
134217728 24 1160113734383 208655412 56286976 136629732 52526118 1794839463 44712208 1893104927 115184 136287138 1747816593 353797 5894602 21829534 13058765 48072455 146381 1922426
134217728 28 1363983198804 251488175 69822699 159491805 61429257 2096948916 42157727 2224052471 132237 161275905 2051964308 432808 6925969 12978278 16083948 63750250 232129 1915028
134217728 32 1573638415085 298247228 87706351 185828640 71581808 2397013336 43383594 2547043946 174928 182933898 2349961010 560244 7570050 11866467 19435363 83543452 316198 2301487
134217728 36 1890470271009 342276931 99388998 203519992 78537744 2698847411 46463911 2865612914 202919 202016786 2647530307 602666 7450075 11976298 20953250 101763437 271537 1953927
134217728 40 2215541622974 393750658 121189668 228183708 87542536 3003930703 85628979 3150886695 244280 219942470 2911648434 690745 11005468 43719315 24161408 122589183 258670 1932372
134217728 44 2541473381675 449787837 140182593 250039734 95433502 3307508140 87647061 3475188749 252769 240770309 3212692113 830053 11344769 40154986 27329869 146500929 244916 1921910
134217728 48 2871784138383 502430495 157537271 267166705 103101262 3607049585 88615232 3796066243 292328 261068202 3510146636 959745 11666633 39038054 29690110 171078648 269737 1683682
134217728 52 3278176836471 563724213 177158237 291329974 110404818 3911860237 98546277 4112594386 350682 279655336 3803812853 1085467 13074364 43703345 31640568 196671723 196883 1550556
134217728 56 3675650679330 617234257 198890936 291992930 113512497 4214442341 117126298 4413815475 380482 296407415 4086655379 1207103 14187346 62496204 34475736 220512270 175282 1436173
134217728 60 4143991829792 684596805 222536267 328526371 125716012 4521110525 102250614 4755340197 439176 314881929 4405791015 1412911 14497412 44138582 37401861 253693489 114119 1044285
134217728 64 4594744724138 740899851 237385578 333764954 128371418 4821806842 92992495 5090355983 482554 337212181 4716415293 2032423 14166428 31872914 38846974 276304545 49721 853455
268435456 1 45938665052 6706776 382236 7147644 208813 72153665 49763 77990046 12002 5756827 72435836 25978 14558 6646 10602 12434 14 973
268435456 4 192107165890 34716976 11385009 36436190 12407114 301550246 14358549 310921860 18608 21974001 284166042 44676 2119403 3955306 3647981 4609666 1189 605810
268435456 8 388621436453 69618522 20911163 74945155 32381424 598167265 22551341 623065299 33948 44156263 573515900 74834 2566452 3291190 7429762 13042531 8834 689801
268435456 12 593402875262 109672174 34843143 119494976 46575514 878303039 18476840 931869343 49641 66843277 859321549 162591 3868916 5689788 9596651 26442949 23995 1126082
268435456 16 801948803144 155434418 52975487 162160933 63161047 1174875479 27985558 1242652097 76238 88531724 1144762825 184455 4875394 7343831 14140615 43798337 50432 1348605
268435456 20 1015418735236 207612375 75328669 204058821 80271204 1472293571 47740449 1545579926 94559 110627208 1421252162 241878 7289595 18632341 19173294 65877802 92183 2135672
268435456 24 1235273477277 265200223 100276981 246221750 97336416 1768580310 55635883 1858656024 122699 133271235 1707598694 332205 7421945 18518919 24116032 92460591 143394 2649489
268435456 28 1462035082831 330806435 131284461 289039865 119083140 2077407429 69141468 2181393632 139163 158323884 2000401538 409223 8261714 14595734 31796520 124284163 229239 3036414
268435456 32 1700148353454 395378656 162881958 332669421 139180963 2382395843 85452757 2494887196 162298 179549891 2286934209 576155 10332017 17187614 38594245 158873324 312431 3411022
268435456 36 2048282172586 468592948 195434325 380854402 155119035 2681435277 103709812 2795599003 193076 197504303 2565714296 668203 12229985 29706938 43245835 201139441 271357 2949609
268435456 40 2402697877586 541538520 229763505 425830550 170979408 2982059080 115795439 3107714914 214454 217695032 2851465468 725933 13585471 32206669 47874003 244205223 244544 2947605
268435456 44 2758835717226 618622826 266920418 458916261 186498041 3276405363 125255971 3418221567 242807 238399742 3136635783 827219 13573192 37459069 54442822 289661466 240205 2580880
268435456 48 3131003132074 696972090 300261868 489493045 197247749 3571078428 162725498 3695078677 264700 256831200 3390876475 947926 16645734 71799097 57213604 333113978 250104 2649126
268435456 52 3564896799712 790879655 342856736 526984246 212987657 3871214811 135806028 4049893130 325770 279117028 3716614894 1048714 15436758 37101790 63567578 387620078 226268 2205893
268435456 56 4015831615192 874791286 386341079 559766377 226744604 4167275905 157825841 4343524162 346377 294475454 3989435867 1253510 17241485 57834605 67838813 442466909 181516 1943659
268435456 60 4506580202249 966175096 425633139 588862889 244260981 4476623101 150348240 4682509495 403092 312948099 4303433527 1359536 17177631 38781524 73255968 496585059 131206 1490804
268435456 64 5031684372236 1046180588 458277132 605945950 249996518 4771659544 122770971 5028272658 460643 332615340 4623932327 2002985 15638625 12774132 75923681 547630417 85065 1339555
536870912 1 47055684618 6691024 423764 13961380 246097 68974743 42840 74812786 22367 5511970 68955905 26665 317950 8551 17982 16122 5 1522
536870912 4 202221131495 42247836 17571898 65343741 23993829 300824297 21785296 303632568 18176 22349216 273907053 38076 2527630 968073 6717792 8866368 2640 584411
536870912 8 418779041038 91403365 40126380 143665568 64221804 592408020 42777785 599208198 39596 43347982 543975148 82724 3952427 3593500 14756855 25968107 10853 1238734
536870912 12 645967150392 145654367 64411855 226751068 90657179 849981004 30554288 894111396 60207 64924585 816488890 124057 6119149 5273679 18810748 51869289 25894 1661494
536870912 16 883603569049 215231888 100519606 311779612 126862178 1145062816 52266230 1193030864 68204 86727013 1087439014 203834 8497231 8546273 28669040 86251734 54189 2502311
536870912 20 1130725755552 297323735 143245507 392567763 158419321 1441614822 75515304 1493618412 87536 109310584 1358663382 251043 9564325 11399943 38448521 132278694 96264 3317319
536870912 24 1389100860054 382630983 191252999 467549077 192041672 1733636318 91135899 1794343429 113066 129420210 1629884698 368692 11630984 13347258 48638457 183187857 147862 4144604
536870912 28 1662913902704 484903243 251760580 556966984 236127655 2051149775 127655812 2104087942 126103 152800401 1905573940 456127 12817039 12291170 62247587 244158880 229989 5009764
536870912 32 1946166169179 588095010 308891475 626461128 266840931 2339811965 143197129 2403802692 167082 173949054 2175160410 590536 14779862 17361406 72487637 312666516 303691 5539489
536870912 36 2358035228049 706726704 377824434 726581949 305045073 2636103177 176133388 2690490068 187692 191470051 2435538461 666402 17217294 32788688 84497154 394283824 267719 5298704
536870912 40 2770652550870 823422924 441223540 800998576 331615719 2933201984 192314837 2999673804 218016 212864400 2712859781 733009 18219437 30443571 93230754 479496509 250150 4638676
536870912 44 3206846090807 979134103 528373344 894260377 373099305 3225581781 225150658 3289474855 234630 233453438 2968852225 867402 21538309 45481803 110004703 581900626 265590 4608955
536870912 48 3648469776808 1101357839 593917405 954502440 394109914 3509694384 239599127 3588011819 264572 256522360 3236015851 995593 22077180 51511912 114700043 667484884 269637 4333452
536870912 52 4186307049848 1252366949 682778937 1018292368 423837644 3802204965 259178903 3889251641 297564 276297565 3504759902 1056054 23769945 58871541 126866907 775282652 227757 3725657
536870912 56 4754850559015 1415063995 771009459 1100481444 456701945 4102526970 276736808 4198795355 352298 296031872 3782381288 1230371 26163040 56166181 135872991 885644822 187009 3386293
536870912 60 5347158382362 1567229508 858925599 1170588043 490379885 4397580580 295459947 4498096958 395711 311901308 4055188750 1406496 29221858 62473633 144823691 1000068215 147295 2939385
536870912 64 5874888391788 1687239747 920633596 1195468110 512924726 4708916954 301730848 4830099356 485287 331142514 4358345313 1918447 30439860 44178770 156251634 1092613861 111858 2629501
