# size thread(s) cpu-cycles node-loads node-load-misses node-stores node-store-misses node-prefetches node-prefetch-misses offcore_response.all_demand_mlc_pref_reads.llc_miss.local_dram offcore_response.demand_code_rd.llc_miss.local_dram offcore_response.demand_data_rd.llc_miss.local_dram offcore_response.pf_l2_data_rd.llc_miss.local_dram offcore_response.demand_code_rd.llc_miss.remote_dram offcore_response.demand_data_rd.llc_miss.remote_dram offcore_response.pf_l2_data_rd.llc_miss.remote_dram offcore_response.demand_data_rd.llc_miss.remote_hit_forward offcore_response.demand_data_rd.llc_miss.remote_hitm mem_load_uops_llc_miss_retired.local_dram mem_load_uops_llc_miss_retired.remote_dram
4096 1 45519466614 252127 269784 10158492 376510 468780 83906 760203 2080 173027 213558 2708 2006 3082 12934 11619 7 325
4096 4 183752722439 4242480 3182074 41095533 20448012 5663522 4377393 3435686 2909 381731 168681 7930 332085 243208 764224 1646176 664 193776
4096 8 370536916350 9668987 8103210 84306942 46103139 12895833 10514073 6789258 2916 607487 449857 8897 901965 614857 3516344 4050781 11287 449490
4096 12 558929212171 17565080 15234945 129423911 66184980 21571613 17892622 10309292 4947 808234 482876 15763 1294396 1007938 6864894 7476962 27442 850873
4096 16 754353109774 33364556 29216030 183849490 92414049 32279352 26874376 14391523 5427 1136536 786711 17731 1737502 1665058 12277210 17013021 32160 1365941
4096 20 954626356685 57201659 50191185 247390746 124213925 48117546 40559979 19673437 7434 1379176 1260304 24029 2123303 2232623 19754453 31457260 28288 2496921
4096 24 1155204045498 80605589 70753332 311548977 159252065 62451783 52888274 24748436 9955 2058218 1355085 32645 3349235 3083731 27223371 45899141 24620 3877633
4096 28 1352620349576 94118278 81360246 362455718 191386827 69258166 57746275 29576861 13336 2365068 1662343 43983 4150634 4017057 31356112 53141318 29879 4535291
4096 32 1581758352736 113719272 96335142 410028275 202141217 68488128 55965085 34486102 18357 3789965 3394254 69251 8800532 7798855 33399281 61836010 31464 4902490
4096 36 1827306895960 133238837 110393565 460808064 232220844 70097050 55978648 39787567 24274 4982563 4271808 87316 11005479 9933492 35758094 71268301 31823 5280354
4096 40 2072078581182 149822719 124627522 507692371 244430684 68395694 52731381 44165142 28951 6502514 5933223 110777 14310605 12176194 36773657 81224155 31076 5258237
4096 44 2309699826066 164882361 135947113 553963531 260832504 57765186 43312498 47361099 35748 6928330 6231209 126072 16105366 14862731 37291005 91089883 30053 5456046
4096 48 2541045912686 181507653 146902822 600220995 283796440 55279955 39851537 51851627 35394 8192547 6836323 138547 17938731 15570323 38594722 100556254 32845 5881659
4096 52 2765052430069 196949949 159662082 646617329 296695241 50778479 35928277 55699715 42260 8836344 7800438 162808 20277746 18102717 40421282 110321323 33311 6138502
4096 56 2985237082977 216743017 174547979 695926080 321380404 55873298 38970650 61037120 47669 9972955 9227660 174434 23210778 20693531 43679496 120166449 36842 6598847
4096 60 3202490598937 237263066 189954511 745018232 333776473 54590166 36708099 63989141 53153 10927761 9840297 198450 26706825 23812813 46055290 130242804 39136 7256658
4096 64 3415181776890 259560037 210109509 790181778 350963110 59203906 39706441 70853482 60369 12204764 11207938 226068 30838872 25932658 49829695 142330163 42711 7959623
8192 1 44895633319 246066 306999 5044706 296282 72710 9690 314043 326 145340 115500 1991 1347 1842 10055 12059 0 249
8192 4 180186319066 1801938 1442149 20728254 11917984 2829080 2350343 1645774 1061 238838 98174 3316 315254 102249 485624 776474 207 60193
8192 8 361487162281 4139893 3551613 41568588 21832554 6273011 5045531 3518883 1534 369386 203154 7429 485712 248110 1569325 1572346 6185 186963
8192 12 542619828296 6490209 5580525 62920993 32820661 10550778 8663735 5198503 3512 459332 289741 6410 541331 521668 2721840 2249632 14894 402766
8192 16 725827068304 10304266 8821451 85406307 44772766 13824567 11230538 6849510 2418 568259 505606 13328 847514 754643 4193948 4198810 16519 574800
8192 20 907630014612 13176142 11593212 108373525 57902668 19783106 16437146 8881556 2875 770955 509116 15202 1158670 1109044 5842765 4953723 29898 748252
8192 24 1093373892765 19608432 16920635 132465133 66475917 22031789 18291467 10757511 4061 921433 682909 15313 1113621 1570039 7634390 8878393 28932 919462
8192 28 1276865946419 23790637 20701401 156230012 81462465 28253617 23605679 12724599 7618 1038121 890852 22773 1491780 1543014 9781806 9960041 38934 1203769
8192 32 1479726384661 34469704 30309622 186002039 97971092 33627733 28112954 15015961 7222 1222774 904134 31298 1822196 2038207 13230686 16910106 36148 1512603
8192 36 1768046588062 48348743 41877420 218706120 109706175 36278537 29971593 17563920 10575 1484172 1232549 53326 2180842 2724155 16335182 26657399 26382 1850752
8192 40 2072717273702 61371908 53019897 252079048 125315572 39265155 32025166 19944155 13353 1622002 1419113 60663 2584149 2938073 19611952 35679350 22063 2011786
8192 44 2379588423293 71526811 61058774 280974263 141317180 36351494 28654925 22185540 15644 1904380 1757136 74824 2909025 3807355 21085390 43262162 20100 2027572
8192 48 2653287692075 80900945 67652729 304929787 149027074 32035022 24012382 24208689 17387 2353256 2490637 78047 4096030 4777142 21259939 49094237 22436 1976741
8192 52 2897131055013 90472719 74774526 326628879 148976322 28736613 20648996 27493700 20933 3359262 3722294 97774 6775532 7978420 21273094 54686220 23149 2042686
8192 56 3147491057994 96097532 78929455 351857465 162210252 25043998 16882250 28616454 20300 3367196 3770387 88013 6125646 7818508 22355227 60412861 25544 1969820
8192 60 3397692981947 104108417 85858192 377160224 170382487 25616659 17503575 30626906 20162 3489783 3872751 103173 5910261 7809221 23841401 66221122 28574 2034888
8192 64 3630264296346 113781166 92909371 401897282 179847530 27835632 17951470 32591941 24550 3545706 3898748 121176 7015250 8746108 25784682 72892336 32335 2185694
16384 1 44563525099 185752 225599 2598774 248011 60780 10862 181187 409 69148 48423 1070 1072 1244 12532 12241 0 150
16384 4 178538331405 1018302 868388 10294393 5878080 1287879 1091162 960064 974 164023 55259 4647 76854 51256 263159 377155 200 16204
16384 8 357459785816 2090828 1707105 20776048 11086784 3106897 2536439 1795867 833 235821 130656 3758 336863 208296 774627 687317 3138 135803
16384 12 536239412955 3161031 2616761 31536678 16529545 4940846 4072167 2738301 1256 305492 143133 7702 281140 280328 1216074 947672 6050 214528
16384 16 715608717701 4457425 3829061 42371085 22177017 6930543 5710256 3567743 2286 375370 204898 7856 559469 471764 1744364 1574700 9662 250178
16384 20 894610067919 5627762 4782170 53827419 29746822 9559947 7997502 4526485 2572 433558 283704 10300 643226 570930 2377479 1771485 12646 384370
16384 24 1074509080169 7120618 6039515 64433426 32655319 10809904 8880516 5453614 3483 514418 362153 13280 538744 732517 2836270 2705168 14861 398095
16384 28 1253099559113 7022110 6140815 74619477 38746125 13012446 10775742 6306675 3166 603439 400270 14756 900205 817864 3244734 2150208 22603 514263
16384 32 1445498770444 8875940 7698101 85858025 45073663 15194138 12605516 7147979 3786 719558 630994 19446 846902 1008623 3952219 2792950 24594 593663
16384 36 1729294643109 11888161 10254294 98269346 49756959 16093973 12948163 8449499 4600 714501 598306 26511 841673 1216521 4696749 5063261 19248 487786
16384 40 2019713039427 15028837 13060826 111587016 56034139 19200402 15730320 9746749 5344 765818 698714 27031 1105309 1398452 5862233 6801369 16947 494288
16384 44 2313385720417 17459191 15136907 123783396 61555037 20880400 16919822 10704982 7077 791917 802130 28488 1129658 1443723 6550964 8298038 18927 480268
16384 48 2620782466676 20016122 17513619 136982252 68513136 24161440 19551996 11872240 8848 864900 842440 38585 1218203 1308942 7686922 9656818 18108 473004
16384 52 2972336319488 23454739 20384808 149701056 73955057 26086526 20809574 13140430 8000 967060 1007477 50277 1319709 1578354 8664235 11750450 16296 403318
16384 56 3336748809967 27212490 23712485 163272157 77959977 29044033 23257697 14574156 7876 1019240 1184360 57969 1500624 1987022 9720715 13777486 15769 374247
16384 60 3728742720044 30518904 26667338 176551032 85807880 31337317 24680239 15596218 10532 1026784 1397213 49409 1606690 2213415 10777629 16130997 13938 266682
16384 64 4143375330157 34597807 30341617 190054890 92863052 33996133 26526023 16524841 7550 1103610 1441360 66938 1760930 2399566 11831681 18516345 13287 176968
32768 1 44412205827 195240 225530 1342869 129201 30111 6960 90523 126 40644 27541 811 677 716 11535 10549 0 62
32768 4 177705265158 757397 705375 5493692 3062140 855615 625310 456184 553 74694 35088 985 18585 7449 196730 251749 86 9919
32768 8 355677559780 1296203 1127076 10982752 5598833 2366821 1918401 1182627 513 183356 72645 3708 133140 29648 532548 337153 2852 62984
32768 12 533373436707 1845961 1622341 16550454 8504300 3452860 2844957 1659080 922 185362 170021 3369 361631 117368 771424 479081 5200 104102
32768 16 711534971515 2669274 2201787 22220351 11082156 4540711 3739923 2197104 1971 240034 213874 5902 349784 247208 1042441 685236 6827 218122
32768 20 889487616327 3148153 2650256 27824280 13881394 5452116 4538390 2639987 1232 281920 222079 7260 373065 318093 1200531 831420 8449 237989
32768 24 1068029324518 3897441 3316348 33561997 16687492 6859841 5606769 3212841 3604 356511 295542 8795 382859 331682 1547155 1107267 12950 254082
32768 28 1245855071768 4162751 3576898 39234257 20079422 8050152 6636344 3722784 2606 457259 313321 13903 525381 443139 1723914 1098888 13388 299919
32768 32 1432255113277 4586900 3916103 44836780 23250716 9135821 7514838 4264217 3018 455309 422162 13082 697522 540807 1920386 1307902 16806 336270
32768 36 1715277057314 5813862 4886532 50675142 24959071 10060127 8049971 4925814 3355 501046 424069 13255 649731 663370 2308904 1890445 14111 326567
32768 40 2004281045459 6918054 6078065 57138329 27894154 11764468 9579390 5614034 3216 473119 503804 16353 664074 701979 2792047 2350413 13573 323765
32768 44 2295055062647 7549243 6588218 62986993 30420598 12792102 10235738 6248849 5207 510243 589102 19516 713540 813326 2995324 2799700 12562 292277
32768 48 2587918643468 8163507 7116952 68623179 32204758 13707152 10865960 6883023 5220 584200 591864 24535 692288 819420 3197312 3151826 14328 265829
32768 52 2940667508136 8999898 7879011 74930438 35438909 14933647 11578178 7477701 4944 554612 654267 27404 950024 1095175 3469997 3651389 12276 233820
32768 56 3300837638439 9551488 8318183 80143181 37503437 15117444 11664017 7986293 5323 542787 708076 26816 837349 1036280 3546120 3939310 9599 201621
32768 60 3701317021806 9997542 8675246 86070358 39196768 16734416 12833050 8592452 6420 593941 777306 29951 835022 1110567 3747818 3996615 8327 149637
32768 64 4127091361398 9601649 8249607 90475514 41378401 17157620 12876620 8593396 6456 616953 950240 36485 799645 1251581 3501077 3876330 6651 81568
65536 1 44511273081 162790 158061 678920 77001 32380 7034 63376 1 10464 13149 615 426 446 8620 10373 14 99
65536 4 177733676270 657366 619874 2856365 1277571 313538 185158 264153 223 28580 22653 1070 7922 4927 148778 174074 40 4072
65536 8 355406341716 943223 888522 5739184 2251699 1092377 701346 714748 1499 72533 50291 3149 30897 34350 317855 251355 407 16849
65536 12 532831474619 1282152 1157718 8702301 3271607 1632401 1118116 1116669 851 164852 66696 3543 30624 26830 396810 379150 662 28113
65536 16 710582973227 1427696 1305504 11632970 4310472 2129761 1507310 1488756 1154 185930 145503 4311 234352 65159 517050 437998 1381 43009
65536 20 888218426725 1796824 1568696 14611244 5580772 2563305 1811192 1832184 965 235767 170126 6270 348556 209604 582780 611100 1536 52466
65536 24 1065952212453 2116111 1815588 17492418 6442307 2958410 2100935 2074547 1226 198778 247309 6108 368485 269585 689524 701741 2370 89351
65536 28 1244729423173 2731913 2300762 20917006 8043925 3237362 2311804 2437762 1422 275836 275408 9641 345245 362497 760859 958558 2337 126097
65536 32 1435006027169 3171956 2619545 23638179 8930117 3854499 2801100 2789442 1303 321572 288264 8830 330975 360335 831754 1077974 2762 131871
65536 36 1714463891692 3397876 2919386 26697688 11371476 4721714 3407283 3164950 2531 323508 329337 11192 323015 370824 1002372 1159578 3110 127623
65536 40 2001760397392 3871297 3333332 30136550 12581799 5535140 4077774 3531460 2916 344807 343012 14568 387825 361772 1146915 1368198 3286 122582
65536 44 2287844217254 4100319 3598568 33489550 14417401 6047043 4466979 3913327 2276 385805 427318 18527 411975 407663 1247707 1563149 3361 109824
65536 48 2579652862324 4430081 3860699 36572324 15723931 6561183 4767288 4166198 2379 372325 387052 17969 588819 402160 1282553 1772858 3000 107099
65536 52 2936190902565 4770537 4150296 40014394 17829663 7706698 5729637 4501652 3799 411274 449668 18600 667555 580068 1408006 1890967 2970 100106
65536 56 3293795904210 5212248 4480646 43165020 19570592 7813902 5716216 4748293 2995 428977 500949 19005 673277 704156 1474767 2081234 2732 92865
65536 60 3690546341970 5409045 4617993 46811188 21615617 8699283 6563168 5022112 3273 486246 542570 25737 626692 805370 1519189 2226926 2718 67301
65536 64 4116638838402 5356444 4484821 49154059 23544594 9087025 6760436 4839249 4779 463600 595877 29449 604903 722836 1358021 2090165 1556 63357
131072 1 44397465667 149074 141946 341927 76713 6318 4850 21800 1 5221 1241 9 97 180 10608 11692 0 63
131072 4 177744279093 790190 721802 1389094 610214 179429 155424 96241 37 17923 2461 121 4158 849 137420 348661 12 3816
131072 8 355283601882 1064708 980272 3036273 1426458 697204 493798 350917 714 45255 6834 485 7536 1142 282579 434692 32 5187
131072 12 532901832103 1360972 1221529 4671019 2147943 977290 774652 621562 2428 78092 7333 1877 12951 15374 357567 627643 58 9210
131072 16 710323176312 1621184 1448172 6125743 2690514 1165322 936557 829986 766 174999 43132 3446 30016 35475 411242 747138 43 11123
131072 20 887860933113 2069660 1807268 7775131 3360790 1245410 1031401 998587 266 192233 102705 6754 113460 25943 452557 939165 74 13406
131072 24 1065407256250 2105584 1870051 9588656 4007342 1411963 1097481 1195442 507 219449 105721 3513 321512 197322 446601 962811 97 14980
131072 28 1243689567838 2610958 2298881 11433225 5111150 1592309 1258257 1341205 986 251965 116603 4697 329171 297718 480194 1261741 139 25359
131072 32 1427123167752 2619554 2300829 13365174 5965546 1886516 1491733 1530963 697 255738 137616 6767 292440 273066 444028 1321065 164 61393
131072 36 1712547186217 3127402 2702476 15036070 6781236 2152377 1675272 1711700 1263 264701 149704 7084 280066 290367 564775 1381173 393 79143
131072 40 1999465490182 3597882 3039440 16656715 7573516 2374061 1865918 1871962 1328 273952 156488 8058 308394 284507 631961 1506659 547 89227
131072 44 2287224649333 3748637 3334643 18993767 8679622 2667313 2068971 2061287 1622 297296 198272 8223 376836 355655 683722 1617856 504 91294
131072 48 2579722269290 3776402 3412552 20828242 9584130 2984690 2325748 2272575 1654 290397 241010 10113 385651 360458 698303 1736029 678 82952
131072 52 2931671816767 4123119 3668771 22614872 10848160 3350479 2586857 2409739 2782 329026 247971 12979 354350 338524 749613 1813068 770 87069
131072 56 3289255719689 4121587 3686597 24494804 11615780 3690571 2778139 2605967 4399 336994 290074 13433 424553 451698 741926 1925278 904 76405
131072 60 3690007041211 4408340 3982133 26154673 12471535 3944261 3085270 2770192 4245 358341 299336 13947 410039 490873 748624 2020682 624 61820
131072 64 4115519514740 3936256 3400634 27662383 13770641 3680664 2951452 2332286 2915 444617 379177 18158 503125 443442 678015 1821076 453 40088
262144 1 44352370978 145856 130621 206330 50585 6055 3482 18271 52 3325 1032 308 108 106 8607 10006 0 17
262144 4 177552595157 706924 635991 700831 316600 109476 90428 52090 25 6969 874 326 2825 1368 118481 201576 42 3887
262144 8 355077140141 1038995 1058776 1836832 792650 217983 187106 217123 240 21524 2526 448 6505 1834 234660 294511 82 5151
262144 12 532581435235 1288707 1287796 2881148 1181777 420798 248669 339449 212 38660 4039 2107 4439 9105 288962 456835 101 7903
262144 16 709918460438 1440692 1432513 4027917 1447263 647732 462637 538042 503 50729 6901 659 8784 18762 342434 542884 145 11221
262144 20 887352088650 1723625 1753779 5270725 1861195 738316 561891 708294 1231 84892 7720 1439 13544 23167 378505 690802 141 10664
262144 24 1064991427108 1720502 1695383 6533904 2291350 891441 721442 906216 758 169785 51643 4388 78836 35141 372462 750906 145 14261
262144 28 1243302938858 2144442 2151410 7583402 2641128 914834 713081 1020868 708 199565 86898 4937 174731 26308 372241 1056643 94 15625
262144 32 1427226577013 2497499 2415446 8680670 3087217 1080998 826914 1173647 446 231141 122808 4297 323538 116642 344388 1213626 196 22350
262144 36 1710340723091 2736571 2611375 9878885 3692846 1224733 919491 1291645 570 232375 138680 5505 416263 228185 423668 1286533 217 20386
262144 40 1998981505094 2924308 2770217 11145124 4347470 1372711 1055328 1431908 914 244536 144239 6727 411165 343742 430103 1333321 200 27404
262144 44 2286465109708 2997574 2752892 12195757 4974920 1623851 1276029 1582784 1129 273834 166137 5570 395545 338676 461502 1470308 214 49952
262144 48 2576447765458 3309608 3053168 13606980 5744619 1864240 1432997 1672213 1136 287067 165807 8576 386508 328006 462574 1554621 222 56035
262144 52 2929483703710 3652087 3333141 14809974 6504900 1949876 1561668 1778169 2182 278435 178667 10674 419507 328476 516484 1627379 241 54340
262144 56 3287716761666 3925777 3661889 16569020 6960302 2192265 1658160 1880951 1611 296626 178891 10330 443241 402262 509349 1736126 269 55788
262144 60 3687549673620 4113083 3683298 17763060 7733737 2347564 1798440 1906003 1967 328557 225180 13365 443073 428495 497843 1692797 300 52914
262144 64 4115265496043 3987718 3579883 18320084 8460458 2442262 1732151 1561891 2047 328601 261880 16351 408464 367306 426379 1550093 157 42024
524288 1 44328806991 137783 125422 115233 40501 5544 3881 10651 2 1593 748 4 39 49 8764 10547 0 40
524288 4 177448715447 690695 591968 464094 221141 70747 64621 32061 41 3425 1431 382 790 766 100151 143889 9 2815
524288 8 355127703603 1186175 1165608 1351340 504286 146061 136590 169885 56 9795 3726 556 1661 2789 201558 233785 80 3797
524288 12 532413120986 1137616 1372385 2361958 780167 302880 191967 277319 90 20687 10175 2468 2235 1180 241378 358922 83 3535
524288 16 710094544914 1420871 1621910 3448688 1079168 498219 307420 384932 421 33029 14909 2523 7557 17511 301334 452426 69 6183
524288 20 887539589799 1431792 1748939 4821436 1519178 634334 387931 541077 1341 50222 22942 2995 9525 10204 339783 604881 70 5704
524288 24 1064949261000 1728494 2031347 5697482 1716947 829198 539432 780858 1574 87255 64057 2557 42208 47573 356985 568214 81 7344
524288 28 1242893693057 1727659 1980350 6619912 2419907 970850 610760 990409 470 169738 94990 8748 62607 37076 329111 747192 105 9616
524288 32 1426273981933 2055251 2230988 7268610 2650446 1024924 668337 1070963 705 215577 121692 8568 92228 35121 282269 906249 54 10185
524288 36 1711282447661 2383670 2576972 8201700 3072030 1249944 818072 1271079 768 244270 212510 10662 162344 89459 336223 981315 74 9845
524288 40 1999509212452 2663341 2647508 9200085 3433273 1517435 921449 1614066 1330 353030 427720 11386 301498 127243 347632 1061785 91 9801
524288 44 2285973809763 2734574 2588653 9679113 3796947 2024394 1011412 2073488 1344 431389 720479 12508 477952 226150 379678 1201759 142 10018
524288 48 2578139489741 3162931 3053934 11098918 3967908 2895046 1156137 3065900 13515 603615 1435463 31557 568075 299392 356278 1341381 167 13366
524288 52 2931061466802 4030083 3165200 11904478 4253843 7400767 1359056 8080050 13154 1225043 5762533 60445 564792 414887 387561 1476419 282 31944
524288 56 3288972414440 4501451 3376726 12292478 4261972 7080300 1616410 7840807 14780 1370993 5279656 84809 643216 659738 372698 1500793 264 24340
524288 60 3686413357314 5853571 3347006 13317718 4331118 13888747 1890032 15892627 68088 2641660 11797954 127246 804186 742009 400648 1527763 639 56180
524288 64 4113871939068 9356844 3962410 14330838 3913385 36785866 2401434 40402758 82477 5310481 33966992 376693 958556 1255318 337177 1351815 968 44762
1048576 1 44311138448 145758 134998 99555 33386 4832 4077 5048 14 1036 1486 66 74 34 7181 9958 0 21
1048576 4 177492650033 759971 657252 572914 211956 69192 56486 35410 53 2835 4026 494 1277 1965 96204 108095 12 2082
1048576 8 355193791553 1301645 1317769 1575445 453590 144351 111480 170500 52 7320 14307 541 4622 4394 195014 200279 79 3351
1048576 12 532580484136 1467599 1679543 2933924 825529 311364 258036 293623 208 15709 45010 3602 2804 8088 229930 339669 79 7071
1048576 16 710081944814 1471526 1897518 4313309 1567897 650769 257465 565076 148 48177 237296 5233 5669 18767 295175 492978 100 7640
1048576 20 887094312141 1829165 2347729 5272561 1791347 1295141 271394 1300435 420 144855 800442 7883 15405 24915 371837 671899 75 5902
1048576 24 1064350770698 2093790 2513632 5992913 2306538 2744908 639019 2525481 7654 299325 1705434 16668 41676 96379 327266 678016 117 7807
1048576 28 1242390297650 3201485 2574298 6307721 2435245 9385047 717929 9808750 9927 1083891 8202153 67710 103274 210910 347325 762598 209 15885
1048576 32 1425577454267 5108307 2522741 6744545 2405835 27623272 1348857 29761639 46537 3063963 25694193 182105 228776 551964 280274 788032 315 34202
1048576 36 1711983048841 7416089 2648358 7434820 2647716 48507892 2516961 52135732 102809 5239558 45582038 236838 400949 1445741 355194 902187 843 39181
1048576 40 1999263142208 11300597 3341127 8325430 2805880 77238450 3569666 83323807 177055 8254275 73717047 368892 647028 2385986 356070 875608 967 40820
1048576 44 2287788897158 19967833 3549006 9006059 3002498 166384552 7103165 177260263 207848 16409475 159490255 648333 1378636 5632131 406138 1032217 2471 55735
1048576 48 2584665818286 33216194 4534857 9683064 2949261 294391225 10324702 313944773 412641 27916004 284222578 881179 1975322 8793018 436930 1021750 4482 68821
1048576 52 2941106559861 51791924 5871741 10476635 3000513 488339754 17913764 516524501 490519 44114036 470122274 1327382 3039073 16174289 578514 1143006 6880 80169
1048576 56 3301919121168 80879531 7289730 11027624 3116379 780982757 24047686 828330528 631777 69168098 757059746 1598474 4328700 22200264 711707 1178209 8449 104439
1048576 60 3707809987720 121885881 8634741 11989174 3246192 1219080583 29340534 1297245060 779942 105153356 1188762447 1995293 5480290 27118354 958111 1237541 10465 119404
1048576 64 4145838349868 183958569 11083804 13105176 3253874 1879395234 35481810 2004049735 921031 157942070 1842410359 2721692 7503332 33710009 1320384 1322004 13283 168525
2097152 1 44317658753 149940 136653 179621 31118 4936 3241 8005 9 1351 3258 10 119 39 8207 10268 0 14
2097152 4 177499452783 785671 772554 1073685 422974 212473 57473 55116 42 5030 28054 463 2707 8227 92980 99168 13 2120
2097152 8 355248941198 1253838 1378280 2363237 1060529 958884 361194 489937 47 39905 281061 2846 5407 24814 180304 173605 98 4233
2097152 12 532405566126 1681334 1881638 3431161 1478348 2300945 496612 2063601 1030 133502 1598334 9623 10594 58550 233109 308342 165 9418
2097152 16 709836632530 3696817 2410632 4564147 1711304 17676575 1091731 19050075 18365 1603830 17029322 44743 66689 482564 312457 542806 245 27362
2097152 20 887470741929 7706241 2727778 4916363 1903020 61550729 2206312 65686979 45924 5438972 59957722 118266 218902 1415270 398525 706095 393 59075
2097152 24 1067087505183 19836593 2857196 5301272 2004290 200660196 5820418 212531773 111775 17348782 196176604 308994 691474 4825140 416124 831488 2268 111730
2097152 28 1246982461513 44214319 4390612 6171420 2266634 481362039 14978692 506855146 200764 40046701 468056304 574511 1761278 13927578 484978 958389 10737 238104
2097152 32 1436838018474 77440838 5912597 6731014 2469856 883842808 24934372 930597824 335463 71549810 859451869 813014 2861920 23755827 577324 903389 32941 339186
2097152 36 1723655565950 107361265 6366614 6880376 2619716 1260598285 34462866 1324307398 354873 97577400 1224988502 992919 3734795 32780942 813102 1114822 49710 320886
2097152 40 2012742156821 137455828 8092941 7944978 2884053 1619417792 46861796 1694055580 357898 120750905 1571070942 1074555 4914474 44904265 950712 1300295 69017 295424
2097152 44 2304338583790 173334632 9622444 8487856 2940842 2034403027 56317843 2127616491 451330 148606434 1975096791 1269182 6044854 54185419 1126574 1478349 73982 307791
2097152 48 2599209207760 219743452 11479475 9279581 3074565 2560467256 65747514 2680803083 500598 184998698 2491025887 1510733 6984694 63545741 1291160 1873009 79400 243062
2097152 52 2957638192526 265738344 14110872 10258677 3203438 3081764954 81956940 3219310645 555909 217813441 2996761866 1605174 8642444 79399757 1520963 2206279 85913 231147
2097152 56 3324076637583 315574110 16160635 11288142 3406981 3631542789 98591473 3787496270 640363 252897188 3528489652 1767052 10484975 96078038 1766613 3274272 76462 252689
2097152 60 3732136058825 368620236 19575014 12107254 3397047 4191101542 119913281 4359855051 647450 287424130 4066153625 2000887 12880277 116784666 1946426 4014590 62824 356132
2097152 64 4162075963247 418619648 15057322 12379832 3302604 4714857442 62818056 4976618811 662441 323871124 4646282308 2467012 9908383 60587554 2115630 5598155 22788 163328
4194304 1 44329858978 109997 104330 297224 50405 8618 3778 11136 0 1099 6280 208 175 63 8712 10938 0 29
4194304 4 177625612136 736311 709783 1233586 586906 717840 452810 208926 82 13294 118202 272 2116 731 101960 123303 39 2965
4194304 8 355019754711 2380899 1421943 2787288 1193334 13270881 1367466 12993960 7946 970677 11782901 22631 42792 469613 175132 173863 143 15026
4194304 12 533429575329 12807824 2245355 4199852 1532577 134272644 3279436 141769849 42601 10638707 130502363 135890 296089 2790589 215545 276685 661 62460
4194304 16 713575362167 42130034 3623957 5353703 1937923 500326257 9425529 529726706 97875 38466877 490082514 282402 947099 8809673 393602 478177 7604 149353
4194304 20 894637625413 82534533 5407679 6121895 2242256 1009891627 26262001 1061295604 137735 77174492 982390379 407478 2428027 25693286 658247 851001 37167 363327
4194304 24 1076188979592 119354809 7567069 6787312 2561060 1493930408 44809899 1562125977 185477 111993847 1448242899 499634 4116835 43835450 1010633 1803704 88843 629291
4194304 28 1257249200998 154340460 7541434 7161333 2701169 1935276923 45873792 2036947080 208377 146513010 1888459794 612906 4291411 44881261 1149126 2748119 182982 665354
4194304 32 1447959027148 185176775 9812415 8151822 2835479 2317655831 65069996 2427775032 252120 174035263 2251491912 768255 5896122 63587069 1228649 3499327 272616 810864
4194304 36 1731565839428 201853323 12109919 10698138 3478092 2506313678 78023526 2613178676 288346 183341850 2426692962 812788 6946493 75952053 1464351 4311633 247060 762373
4194304 40 2023627419238 229358402 15155954 12340548 3906685 2797511810 99976152 2900477471 314689 200364160 2697051301 1070935 8687235 97982256 1510083 4748135 210198 726807
4194304 44 2315088335151 267632217 18037294 14526921 4785882 3222440647 125067095 3328313800 372255 227462608 3098745933 1197353 10661660 122138183 1661276 5371979 216040 784023
4194304 48 2612481559501 301377242 19632780 15072122 5202100 3593118894 131969394 3717309927 394982 251812896 3463856407 1355909 11641386 129586132 1666427 5609087 234178 980795
4194304 52 2969783775299 330610697 19341606 15890292 5582082 3869802604 120122335 4022133938 479343 268602845 3752393578 1488493 10901218 117154621 1799453 6135570 178670 481368
4194304 56 3333981267455 364443337 18761172 15938736 5576388 4227840545 101937791 4420898786 493278 292764681 4127008472 1653013 10036790 98886137 1880271 6518234 148255 358219
4194304 60 3735078826592 398663949 18267692 16890894 5766983 4545092326 89039412 4768203842 525694 311182363 4454181930 1725664 9777182 86047754 1973449 7133662 91601 321754
4194304 64 4167331833655 433135870 13956830 17281136 5853947 4860790336 19495853 5176006654 621078 333339062 4839610913 2134361 5893950 16271584 2178741 7599861 22331 149672
8388608 1 44348320479 177500 98584 385636 34766 725067 4478 806870 312 73907 748878 1527 788 467 6519 7778 0 116
8388608 4 177704760080 1371829 734447 1276947 512895 8051480 757925 7883645 4842 565724 7112897 11164 63152 163895 213363 221834 76 12651
8388608 8 357020130418 22464112 2305766 2983762 1269149 272312936 9039666 283506712 49123 19991124 262516342 109134 758805 7983117 430786 532727 1466 115152
8388608 12 537731722930 61211569 3998108 6500664 2105873 768341178 14783044 811356394 65709 57038464 753862761 207053 1304156 14076839 534702 941975 14381 213049
8388608 16 718549259407 92013169 5613760 9266562 3604402 1165815402 25597126 1229322489 88307 86245245 1143639023 257634 2224757 24624582 745278 1449294 45042 360318
8388608 20 899009966432 118933404 7689767 10495997 4130198 1498664721 39976018 1571492698 96452 111192232 1462832395 344935 3535405 38408930 899731 2043754 90435 528642
8388608 24 1080106524188 144003054 9855746 11974840 4872218 1804126317 62747718 1875941727 146172 133335947 1743795267 419709 5437761 60818280 1017849 2615543 142439 791499
8388608 28 1261581571910 169632618 10821150 13061753 5230637 2108889826 60772432 2207186642 140929 157707098 2048972480 540744 5413153 58291835 1347816 3856274 224621 834081
8388608 32 1447015481163 194278654 10357794 16248252 5940790 2412074164 40993856 2554771354 193612 181793146 2370834341 678825 3959537 38454760 1697981 5579166 306321 637692
8388608 36 1737666517802 213920945 12216860 19643856 6795604 2620272892 44467522 2772195041 228206 193748759 2576516226 851524 4286111 41384642 1998131 7172546 257811 548592
8388608 40 2031951276264 250824444 17145116 22573103 7733106 3010042591 82213104 3148104618 297445 217067057 2929537592 1004225 7461015 78988402 2171725 8507941 228731 784170
8388608 44 2323679592032 280088830 19414339 24192951 8446302 3325508053 94441522 3471605159 302101 236680465 3233964400 1090014 8711767 91116265 2231451 9627639 225692 798373
8388608 48 2623409090376 309269085 21044658 25421280 9058570 3626035356 102500096 3782577464 366592 256008870 3525236386 1250644 9408434 98387409 2439813 10727410 238223 728789
8388608 52 2980302351170 340407362 20480067 26825020 9272815 3934206213 74735462 4137952518 453632 275545259 3858442775 1345214 7806550 70662843 2666707 12497243 186247 397133
8388608 56 3343524774052 373551465 21395891 27371497 9383058 4245900377 78447472 4464679732 460996 294493794 4164800641 1391075 8333281 73926030 3082274 14822170 155486 330992
8388608 60 3748716053691 407643636 22883076 28570835 9595711 4553465208 74206197 4794097177 472509 312313075 4476517780 1539211 8487708 69555537 3277065 16639274 102047 339212
8388608 64 4182346503516 443336003 20393334 29544996 9956189 4862358296 18997255 5180136852 472892 333515112 4840300032 1957972 5357996 13836579 3322625 17454048 24448 182710
16777216 1 44583174472 2667857 128669 460883 29690 33457579 8929 35988039 9601 2555141 33453362 23161 10409 4257 7523 7069 3 669
16777216 4 178810393731 11935950 1868568 2550193 995030 139026489 7278025 141826393 23826 9934128 131483671 55118 628392 6336860 323195 294067 200 115678
16777216 8 359690294508 46441942 4530730 5592098 2284074 589732569 29262382 602775787 45195 41682765 560770767 100231 2254334 27839659 660363 949154 7287 356636
16777216 12 540639127352 72964464 6220093 10955975 4199447 901162399 29321421 940464842 48487 66473298 874958697 178215 2423019 28037805 898559 1787383 22265 435917
16777216 16 722093556914 96796773 8165708 14524334 5529960 1203890108 39240296 1253805091 73574 87794245 1166220470 222678 3285156 37390995 1173926 2743093 46019 579337
16777216 20 903368928366 122202725 10052515 17211755 6492284 1506081462 43965765 1574147686 92903 110847892 1462426253 287459 3694714 41908857 1640453 4342420 91626 694874
16777216 24 1086016567921 148856080 11334922 22072932 8118501 1808332245 31183167 1915102830 110857 135663339 1778385830 380244 2896146 27960500 2024474 6380868 146716 551473
16777216 28 1269564618894 176598767 14152812 26425133 9884910 2109416793 39670223 2232135278 132551 159778319 2071530532 467882 3811799 35417452 2319158 8373391 228155 723806
16777216 32 1457821533706 200935107 16149926 29076231 10818997 2410626246 44238681 2550318190 181856 181249363 2367428279 602608 4510213 39682083 2773669 10699094 304101 775315
16777216 36 1750387200551 230251439 21510512 34005871 12426448 2708479009 81788898 2827404220 221679 197479264 2627532853 780971 7461939 76350198 3121525 13236391 256238 945226
16777216 40 2043620503697 259880356 23638516 36925802 13584516 3020785337 77911247 3163756074 251192 217692589 2943462463 871232 7401517 71882940 3432434 15941991 229018 727994
16777216 44 2336645414128 290150877 23560904 40012562 14625548 3326049575 56168113 3512680086 294028 239256084 3269618536 919206 6003716 50038399 3880867 18981209 230734 448034
16777216 48 2640098928557 322928084 29605376 46007940 16005246 3630391214 91748072 3799078366 342141 256786752 3537154488 1041772 8759635 84262574 4273540 22489708 236827 850301
16777216 52 3003827179127 356517424 32434236 48903857 17119805 3937155944 90988899 4125561488 375508 275453394 3845080286 1206476 8810411 83080501 4678382 25516602 184716 601844
16777216 56 3372608063093 389684642 32541339 49232742 17469608 4243040969 67681268 4474460230 429176 295531206 4174051978 1288513 7436760 59667567 5005358 28224010 151756 433730
16777216 60 3774078817970 425899676 33864516 50314102 17819748 4551659446 54066978 4815474270 450521 313934950 4494408228 1407833 6679105 45070316 5438468 31707846 98764 361196
16777216 64 4209653147349 463248361 33300794 50118548 17692133 4858175406 16220600 5181819872 481060 335326074 4838661781 1867442 4959798 7558831 5788730 34858061 27940 218406
33554432 1 44843786296 5696202 189914 957960 49582 73543327 12311 79017806 13155 5544316 73485002 28685 13652 5667 9522 10351 10 739
33554432 4 180423247021 24267716 2744703 5045972 1958811 294918960 7273759 309767378 17268 21293233 287984474 45349 718744 5895042 581574 639342 294 164612
33554432 8 362275313370 49949073 5771343 11659357 4587816 604181743 20351091 628443307 34545 43473278 584009411 94834 1800528 17235334 1238906 1901433 6402 433510
33554432 12 544531994976 75311606 7333606 18653548 7093059 902484697 13127302 957542730 49144 66815757 889906796 160812 1467613 11067011 1619937 3532830 22451 421706
33554432 16 728299794655 101332833 11188200 26373501 9259228 1204528855 28748815 1266212682 65337 88213389 1176787732 212335 2979624 25356303 2344893 6141219 49911 577955
33554432 20 912010102675 129563618 13515379 32834775 12027414 1505088978 21472139 1599258765 86859 113290661 1483896595 289283 2853943 16724037 2911790 9165460 95253 566353
33554432 24 1097497553731 157653283 17873691 40610099 14456370 1806305670 28564970 1916417508 116281 135810548 1778066703 355178 3310049 23166051 3666845 12525936 147704 761100
33554432 28 1283277734542 187343412 22953132 46809515 17278814 2109154894 48701470 2222900025 135037 159127426 2059780356 436903 4721218 40758175 4347250 16608619 227306 1121726
33554432 32 1477488119989 215822842 27863300 55649906 20083708 2411212089 59427547 2536286573 170159 180701174 2351035386 578030 6019402 50500753 5088052 21605922 302698 1181031
33554432 36 1771481167525 246901179 33298857 63702643 23091513 2714398905 72479305 2845318946 213617 198586463 2642105969 642461 6887423 63192601 5636129 26391774 263166 1137392
33554432 40 2068128620692 279987239 34852034 68964860 24992744 3020048992 50504120 3194697890 236524 220156093 2969220741 770893 5692470 38820059 6485439 31632136 232291 682045
33554432 44 2368447997437 314029587 45472507 74656333 27010332 3322750296 119780726 3443364168 272617 235136119 3201439260 884017 10883136 107656863 7150240 37604208 234962 1103273
33554432 48 2673601683446 349383842 46863940 82244056 29145931 3628059816 71346157 3821715780 304027 258905007 3555633214 998956 7192252 57986370 7952119 44093596 241326 930129
33554432 52 3039793595797 386117548 53527048 88341098 31027660 3932746608 88057469 4126043099 344630 275337751 3842010774 1085659 8546450 75492508 8262616 50433929 195131 651441
33554432 56 3415971282306 421881392 57898270 90850632 31508214 4239396451 97739898 4442190293 388100 294516951 4137727909 1256259 9775142 83908796 9058956 56460168 151661 584614
33554432 60 3832023643059 463494930 60232638 91492048 32102259 4545590349 68332817 4800085715 436393 316247476 4473385903 1309410 7919373 53554084 9854279 62516532 95428 400628
33554432 64 4265451710700 500996609 63096265 94281092 32953107 4856158414 48759114 5148356962 465458 333986498 4802858249 1960163 7382764 32092692 10321885 68951596 30645 275823
67108864 1 45019583119 5911421 250214 2078313 123691 74826326 12471 80628340 6193 5627986 74946754 40619 14960 4269 9647 14622 9 1298
67108864 4 182270774191 26263156 3894898 9650229 3387397 301924124 6583098 317944913 19202 21865788 294821814 47715 674356 3762752 1013934 1313530 385 264381
67108864 8 366603856104 52660734 7794902 22068037 8652078 603330692 16244512 632304654 37287 43813842 586697351 92917 1660385 10790252 2182387 3711261 6910 338204
67108864 12 552697421764 81391328 12507922 35631417 12508264 898086853 22755668 944108824 49665 66753730 875738936 134159 2667509 19168930 2700509 7349088 22400 546836
67108864 16 739466847701 109751781 17702956 47337837 16992902 1199617826 33212709 1257204954 71016 88327458 1165880404 192995 3411089 27683966 3989477 11813288 48132 753262
67108864 20 927495139337 141312021 22695498 60730076 22037666 1501186312 21054605 1596348283 84066 112971704 1479652640 274339 2528171 13044996 5351916 17577308 94471 731609
67108864 24 1119191842747 174725311 31584086 75749362 27111993 1801935878 38420101 1902821033 111720 134313492 1763414531 353997 4101472 27836403 6682538 24719732 147978 1097096
67108864 28 1310644250637 209484177 39706638 88225018 32228864 2103711124 47641413 2219965130 127127 158696249 2055161078 399006 4622722 34110092 8258929 32666537 229238 1321512
67108864 32 1508889889668 242427741 47571745 102975822 37659974 2405925930 56328439 2536601834 164215 180827768 2348609589 532939 6099108 41152671 9826248 42354086 306026 1382973
67108864 36 1811286402855 279488782 55154202 115630879 42305788 2711455024 48108373 2871094667 189427 201134357 2660907778 650258 5346509 29104112 11327638 52741894 267589 1038857
67108864 40 2116113523433 315718181 62800964 124841784 45552445 3014899231 69064692 3172083948 231480 218985050 2943140798 706953 6919949 48269177 11966052 62318317 241356 1042889
67108864 44 2428866714387 361049808 75543162 137715901 50826839 3317413222 94100710 3471465997 243397 239873159 3220069598 895341 9145115 69784767 14003547 74586348 235039 1170958
67108864 48 2744722062340 399665330 86013830 149095027 54135541 3620903603 116603319 3770728618 297826 256912908 3500247597 984818 10990930 91515696 14877102 86470943 235204 1224928
67108864 52 3120563274988 444986571 94624462 155980456 57048019 3923915684 84912943 4127998521 337883 279521616 3832934481 1081395 9311210 59565773 16350724 99703691 190864 751292
67108864 56 3503421258949 486468906 102860200 163016054 60033062 4230491627 94399980 4442573565 366074 296773782 4128819331 1185079 9644437 67249027 17218370 111920280 165341 847893
67108864 60 3929943893001 535770667 111684997 166716522 62823044 4535823205 81880897 4782963586 380328 317630781 4447206424 1392441 8827919 52072079 18325865 124852199 98009 567674
67108864 64 4374811172942 576393059 116244278 170171897 64714908 4845429212 43439825 5150046432 471372 335307109 4795341059 2012924 6691717 11725567 20004671 136846078 40004 369515
134217728 1 45313578982 5986182 404002 3799352 187528 73880367 1282788 78162535 22273 5438905 72668562 24319 104978 1252194 16286 15406 7 12086
134217728 4 185519482015 28283159 5861405 19206866 6204689 301837469 11702113 312943008 16728 21724562 289119444 44308 1263214 6423462 1763411 2280141 618 277552
134217728 8 374025820488 57693515 11370489 40608083 16182653 601773321 13783712 633908538 32210 44075028 586897672 90191 1555821 3698688 3830996 6668341 7482 373573
134217728 12 566455457172 89961222 19092304 65696263 23969775 893076515 13521324 949559846 52045 66583060 879695921 134325 2333810 6234562 5128264 13701166 24393 590897
134217728 16 761543415235 124256286 29950248 89459507 32731241 1193108237 34795415 1249934340 69998 87243487 1157746219 230904 3752130 23725585 7358210 22680737 49647 935490
134217728 20 959158567973 165017271 41325857 114803085 41796915 1491787921 26139072 1583349924 93898 112011917 1463994509 276322 3227309 11009013 10047514 34595576 94142 1085367
134217728 24 1158648663289 205763192 53890204 136237509 50482677 1792574840 39012512 1895977646 114009 135499284 1751188528 380799 4237573 18991609 12536594 47989618 146812 1517103
134217728 28 1363225720634 249557412 69437784 162146593 60831902 2096779575 45087596 2219146582 140512 158326400 2048341965 445733 5056882 19126160 15931271 64107950 230217 1643818
134217728 32 1575736594781 294459289 86000602 187860528 71551203 2398847440 48980230 2541015493 171836 181312279 2345450648 536080 5625978 17192936 19182351 82262204 314908 1891511
134217728 36 1890975885811 341993659 100534732 207694544 80269171 2700213906 49340094 2862634372 187956 200561402 2644860655 627780 5663059 13684392 21430367 102413526 270620 1607011
134217728 40 2212748694074 390935351 119056368 230032432 87558683 3007976363 96846685 3141521234 216506 217426212 2903929891 731256 9178493 53306178 24011417 122510593 247111 1692737
134217728 44 2539407046598 448705398 138800166 254447625 97921478 3310073031 78920581 3485307161 237888 239510489 3222892680 809906 8124462 29952372 27578058 147608278 243314 1425954
134217728 48 2869220848101 500292152 155062050 270802222 104082823 3608696766 74137938 3812366715 300969 260994592 3526412969 926498 7951078 24549920 29546001 171046609 263644 1202663
134217728 52 3266980085244 555941972 174959603 287845503 109845034 3913046579 92816747 4116474690 330985 278533749 3810044567 1104432 9375728 38516228 31931572 195886608 209524 1142562
134217728 56 3676200585358 615174688 195224381 300861061 117033044 4212544270 98413625 4431329334 347040 296745874 4103227595 1188420 9900884 45092791 34273235 221877122 170049 1058448
134217728 60 4122077184570 677184428 216694682 317786744 124167699 4523923594 93694870 4768754242 426397 315433191 4420228582 1346758 9120351 32133527 36763573 249866162 119153 797309
134217728 64 4595514728228 736221193 232863406 325595323 128552519 4833589188 80512629 5109866759 489657 333764052 4739548779 1887889 8408792 13782766 39216684 274721184 50331 610980
268435456 1 45878883213 5954288 337080 7166636 318296 72464733 16778 78143055 28619 5393793 72290256 21425 17302 5213 11838 17491 6 1185
268435456 4 191197873637 32203712 9157451 35326282 11989770 301760251 12702735 312065609 17408 22083711 286387428 43324 1501820 2269280 3422040 4446198 1415 287507
268435456 8 388832712676 68489282 20969446 74881813 32247179 600459697 25204416 622253840 32906 43525144 572275499 99456 2255579 3817393 7738878 13293895 8145 519237
268435456 12 592475324891 105995880 32990634 120417775 45315818 879617525 23589168 926133589 50431 64831800 854179897 139487 3059700 12311549 9223466 26388613 24583 800516
268435456 16 804584644262 156369118 55509406 167027551 65240727 1175027500 35160774 1234051589 70940 86649378 1137819361 222131 4307976 14347572 14824133 45307748 50131 1507424
268435456 20 1015302761884 207862363 76219497 206296467 79622281 1470348104 47518582 1542660414 88146 109771236 1418855837 273928 5131292 21760652 19787114 67125367 95286 1763954
268435456 24 1236629159725 266157516 102164324 249889291 99994196 1772503594 60921435 1855542624 115628 131600904 1705512670 344111 6122652 21655971 25565645 94802187 145269 2263354
268435456 28 1463867070923 330025586 131958804 294875253 121561079 2080981931 70225351 2181319122 131735 155871438 2001799708 432376 6315713 14532238 32260007 126995713 230346 2727676
268435456 32 1710642362831 395310224 165913187 347847855 143605229 2387058756 113397018 2466570782 157509 175387405 2261713441 583532 9595190 42160370 37993285 162083716 306846 3265783
268435456 36 2054856873584 472258353 204160143 394585232 161302233 2689267772 138522681 2765270466 189260 193080847 2535875334 662500 11343973 57977397 44797140 206189957 277395 2921794
268435456 40 2413045319869 553434303 242811744 449242181 180300833 2979869671 171587023 3045141522 207725 212085517 2794680229 756411 14414530 85844641 49954263 252233275 259448 3064655
268435456 44 2762566186316 616499824 266567524 466444213 184745424 3269869386 163569825 3365919136 251502 232997037 3090753766 816405 13867877 81977927 51847638 289109915 243030 2616556
268435456 48 3142701053514 703091778 306885034 508544288 203769157 3574113890 160429237 3701815062 270678 256351617 3396137570 957964 13344013 64549656 58378014 341219998 259933 2193947
268435456 52 3563891904093 778618572 339479528 532934859 212090331 3867682546 158579410 4016768406 308503 274203276 3688843396 1082187 13116675 64447674 61117398 388561480 216813 1909366
268435456 56 4015116042191 872074508 384148879 564492297 230745431 4174645416 170134059 4334188887 352280 292675300 3982180911 1189436 12588938 64072240 67508725 443041094 190058 1641205
268435456 60 4501569060580 962541468 421955617 587355175 245239160 4486943832 165927461 4673512320 370361 311134672 4296429247 1376623 11681031 44429463 72549384 495292430 132316 1317607
268435456 64 5022118159722 1041620528 450841279 603077205 252974881 4777182367 129174250 5024076673 437323 330575135 4622819326 1915630 10141109 14299524 75723245 545973458 74648 1021871
536870912 1 47002791626 6291935 379772 14075417 279857 69353461 176484 74426929 17306 5227152 68804005 28870 50692 7667 10021 13358 4 1232
536870912 4 202559100875 40271823 16503001 67007768 23366044 302446673 23106657 302985279 16321 21149745 273421418 40708 1814689 1241235 6789935 9063965 2902 394548
536870912 8 417550082708 88943857 38721522 142557542 63866470 595990912 44868523 598805831 35768 42211074 544713241 88964 3084126 4576300 14909653 26101724 10300 817731
536870912 12 646001951827 143350601 63663427 228503016 89793670 852142255 32722942 892148122 52064 62035557 816296332 139236 4368454 7688600 18913770 52658917 26348 1358978
536870912 16 881936891639 210393198 97440963 309851836 122289808 1142579354 50722521 1189483407 72822 83529304 1086608091 216757 5137055 10161541 27320780 86987349 53382 1803256
536870912 20 1128484628144 288077022 138176222 393978056 157235637 1436458131 67128944 1493481415 85352 106111764 1360559103 306610 6601151 11567716 36398053 130273075 95986 2632278
536870912 24 1386103262967 376597798 186354862 468114212 189109744 1730577619 89465458 1788751324 112794 127132665 1627828369 358752 6989887 17246924 46927618 182522439 144036 3437606
536870912 28 1658144588274 474234353 243755373 553470024 233111260 2044145810 129587366 2089906526 133665 148386779 1898364077 473469 8767960 21558976 58735331 242789445 228495 4358528
536870912 32 1948969714914 590613678 312371268 635437904 275062395 2351921921 154684659 2400676366 157252 170442588 2174053746 608300 9768963 19291384 75016791 315915199 307695 5113467
536870912 36 2355289914189 700843817 369517690 724636883 302936766 2638611204 169321032 2696704868 184361 188942409 2444175731 708757 10382066 27313045 82081654 395003021 272153 4547226
536870912 40 2766175484914 818535816 434412126 794740396 330888298 2943123057 198180843 2997798573 220371 208543496 2715792540 739837 11646825 29658471 92890602 476958790 258262 4216012
536870912 44 3192844356859 948786635 509436333 868839125 361500322 3229482426 222666100 3289310281 252190 230975292 2974232634 878681 13507586 42719693 103392439 568476911 260396 4006064
536870912 48 3655492519143 1095476737 590404063 956764154 393112844 3512162966 241376016 3582502237 278964 254151942 3234230547 975791 15969980 55078887 113548341 669648450 289306 3746358
536870912 52 4140520164515 1223388090 660879953 999883022 414414072 3795485726 247517643 3884046625 316753 271132188 3508231960 1057399 15758386 59200802 120489536 765924982 244581 3340939
536870912 56 4684902927761 1384939981 756958378 1077170748 456137811 4099836284 271910076 4189705167 384377 289002552 3785887031 1194149 16089716 58358749 132652630 878903204 207154 2844468
536870912 60 5279442048673 1535558731 833097634 1149593962 484840435 4380890585 266998901 4502570203 410786 307065471 4069465742 1347019 16034228 53296297 140989946 993640926 165455 2349639
536870912 64 5898170349996 1662852698 897214368 1179480476 498280827 4664529236 244747599 4834345923 456902 323921150 4370296252 1916303 14297723 34258732 147015354 1094534552 114913 1951739
