# size thread(s) cpu-cycles node-loads node-load-misses node-stores node-store-misses node-prefetches node-prefetch-misses offcore_response.all_demand_mlc_pref_reads.llc_miss.local_dram offcore_response.demand_code_rd.llc_miss.local_dram offcore_response.demand_data_rd.llc_miss.local_dram offcore_response.pf_l2_data_rd.llc_miss.local_dram offcore_response.demand_code_rd.llc_miss.remote_dram offcore_response.demand_data_rd.llc_miss.remote_dram offcore_response.pf_l2_data_rd.llc_miss.remote_dram offcore_response.demand_data_rd.llc_miss.remote_hit_forward offcore_response.demand_data_rd.llc_miss.remote_hitm mem_load_uops_llc_miss_retired.local_dram mem_load_uops_llc_miss_retired.remote_dram
4096 1 2681482 2875 2219 0 0 0 0 0 0 0 0 0 0 0 0 0 0 0
4096 4 4949368 4563 3704 0 0 0 0 0 0 0 0 0 0 0 0 0 0 0
4096 8 7819688 6290 5134 0 0 0 0 0 0 0 0 0 0 0 0 0 0 0
4096 12 11458176 8487 6865 0 0 0 0 0 0 0 0 0 0 0 0 0 0 0
4096 16 13837618 10015 8050 0 0 0 0 0 0 0 0 0 0 0 0 0 0 0
4096 20 16875139 11988 9656 0 0 0 0 0 0 0 0 0 0 0 0 0 0 0
4096 24 19711358 13045 10361 0 0 0 0 0 0 0 0 0 0 0 0 0 0 0
4096 28 22942981 14880 12268 0 0 0 0 0 0 0 0 0 0 0 0 0 0 0
4096 32 25581710 16016 12982 1175 0 0 0 0 0 0 0 0 0 0 0 0 0 0
4096 36 28570138 17294 14470 10890 0 0 0 0 0 0 0 0 0 0 0 0 0 0
4096 40 32743802 20021 16507 0 0 0 0 0 0 0 0 0 0 0 0 0 0 0
4096 44 34242708 19464 15710 4901 0 0 0 0 0 0 0 0 0 0 0 0 0 0
4096 48 37778397 21515 17503 0 0 0 0 0 0 0 0 0 0 0 0 0 0 0
4096 52 41050611 24028 19393 0 0 0 0 0 0 0 0 0 0 0 0 0 0 0
4096 56 43762017 25348 20730 0 0 0 0 0 0 0 0 0 0 0 0 0 0 0
4096 60 46747583 27923 22695 0 0 0 0 0 0 0 0 0 0 0 0 0 0 0
4096 64 49673504 28220 23053 0 0 0 0 0 0 0 0 0 0 0 0 0 0 0
8192 1 2906071 2804 2310 0 0 0 0 0 0 0 0 0 0 0 0 0 0 0
8192 4 6405288 4560 3736 0 0 0 0 0 0 0 0 0 0 0 0 0 0 0
8192 8 11070372 7040 5781 0 0 0 0 0 0 0 0 0 0 0 0 0 0 0
8192 12 15826822 9045 7428 0 0 0 0 0 0 0 0 0 0 0 0 0 0 0
8192 16 20301730 10876 8867 0 0 0 0 0 0 0 0 0 0 0 0 0 0 0
8192 20 25826680 13724 11136 0 0 0 0 0 0 0 0 0 0 0 0 0 0 0
8192 24 29667100 15137 12227 0 0 0 0 0 0 0 0 0 0 0 0 0 0 0
8192 28 34425255 16845 13453 0 0 0 0 0 0 0 0 0 0 0 0 0 0 0
8192 32 38991896 18355 15309 0 0 0 0 0 0 0 0 0 0 0 0 0 0 0
8192 36 43340713 20137 16645 8426 0 0 0 0 0 0 0 0 0 0 0 0 0 0
8192 40 47207542 21677 17859 10232 0 0 0 0 0 0 0 0 0 0 0 0 0 0
8192 44 52392063 22468 19246 0 0 0 0 0 0 0 0 0 0 0 0 0 0 0
8192 48 57318376 25579 21378 0 0 0 0 0 0 0 0 0 0 0 0 0 0 0
8192 52 60971965 26434 22221 0 0 0 0 0 0 0 0 0 0 0 0 0 0 0
8192 56 65836478 27877 23535 19347 0 0 0 0 0 0 0 0 0 0 0 0 0 0
8192 60 69457908 30103 24101 10216 0 0 0 0 0 0 0 0 0 0 0 0 0 0
8192 64 74775451 31982 27350 0 0 0 0 0 0 0 0 0 0 0 0 0 0 0
16384 1 3584305 2852 2339 0 0 0 0 0 0 0 0 0 0 0 0 0 0 0
16384 4 9493367 4760 3906 0 0 0 0 0 0 0 0 0 0 0 0 0 0 0
16384 8 17621259 8091 6640 0 0 0 0 0 0 0 0 0 0 0 0 0 0 0
16384 12 25790636 10577 8525 0 0 0 0 0 0 0 0 0 0 0 0 0 0 0
16384 16 33994013 13189 10606 0 0 0 0 0 0 0 0 0 0 0 0 0 0 0
16384 20 41901398 15772 12833 0 0 0 0 0 0 0 0 0 0 0 0 0 0 0
16384 24 50755887 18817 15316 0 0 0 0 0 0 0 0 0 0 0 0 0 0 0
16384 28 57250536 20057 16660 9858 0 0 0 0 0 0 0 0 0 0 0 0 0 0
16384 32 66401535 24087 19488 0 0 0 0 0 0 0 0 0 0 0 0 0 0 0
16384 36 74771919 24638 20497 23480 0 0 0 0 0 0 0 0 0 0 0 0 0 0
16384 40 81340022 25240 21477 0 0 0 0 0 0 0 0 0 0 0 0 0 0 0
16384 44 89959015 29050 24570 0 0 0 0 0 0 0 0 0 0 0 0 0 0 0
16384 48 96854350 32131 26248 0 0 0 0 0 0 0 0 0 0 0 0 0 0 0
16384 52 106719283 33529 27985 44187 0 0 0 0 0 0 0 0 0 0 0 0 0 0
16384 56 112491172 36497 30011 32700 0 0 0 0 0 0 0 0 0 0 0 0 0 0
16384 60 121633107 38270 32322 34752 0 0 0 0 0 0 0 0 0 0 0 0 0 0
16384 64 129833490 40955 33378 43068 0 0 0 0 0 0 0 0 0 0 0 0 0 0
32768 1 5058908 2903 2374 0 0 0 0 0 0 0 0 0 0 0 0 0 0 0
32768 4 15558442 5858 4762 0 0 0 0 0 0 0 0 0 0 0 0 0 0 0
32768 8 30317438 9831 7912 0 0 0 0 0 0 0 0 0 0 0 0 0 0 0
32768 12 46069784 14103 11440 0 0 0 0 0 0 0 0 0 0 0 0 0 0 0
32768 16 61534986 17656 14492 0 0 0 0 0 0 0 0 0 0 0 0 0 0 0
32768 20 76647849 22600 18064 3459 0 0 0 0 0 0 0 0 0 0 0 0 0 0
32768 24 93382046 25810 21087 0 0 0 0 0 0 0 0 0 0 0 0 0 0 0
32768 28 107529684 31332 24606 9568 0 0 0 0 0 0 0 0 0 0 0 0 0 0
32768 32 124839521 34129 27785 0 0 0 0 0 0 0 0 0 0 0 0 0 0 0
32768 36 137697938 38757 30654 46300 15090 0 0 0 0 0 0 0 0 0 0 0 0 0
32768 40 156046743 41406 33889 0 0 0 0 0 0 0 0 0 0 0 0 0 0 0
32768 44 172338303 45199 36692 0 0 0 0 0 0 0 0 0 0 0 0 0 0 0
32768 48 185424790 47217 39192 73802 23985 0 0 0 0 0 0 0 0 0 0 0 0 0
32768 52 199319704 53445 42611 61527 10481 0 0 0 0 0 0 0 0 0 0 0 0 0
32768 56 216837774 57761 45914 0 0 0 0 0 0 0 0 0 0 0 0 0 0 0
32768 60 233582919 62977 48701 75938 0 0 0 0 0 0 0 0 0 0 0 0 0 0
32768 64 248265011 64253 52427 89967 0 0 0 0 0 0 0 0 0 0 0 0 0 0
65536 1 7830968 2982 2514 0 0 0 0 0 0 0 0 0 0 0 0 0 0 0
65536 4 27457520 7059 5829 0 0 0 0 0 0 0 0 0 0 0 0 0 0 0
65536 8 54582926 11896 9912 0 0 0 0 0 0 0 0 0 0 0 0 0 0 0
65536 12 83485368 20622 16304 0 0 0 0 0 0 0 0 0 0 0 0 0 0 0
65536 16 115560034 28334 21377 0 0 0 0 0 0 0 0 0 0 0 0 0 0 0
65536 20 141867352 37265 27680 21006 0 0 0 0 0 0 0 0 0 0 0 0 0 0
65536 24 178311378 44936 33853 19544 0 0 0 0 0 0 0 0 0 0 0 0 0 0
65536 28 203713901 55593 40448 0 0 0 0 0 0 0 0 0 0 0 0 0 0 0
65536 32 236482481 62014 45128 0 0 0 0 0 0 0 0 0 0 0 0 0 0 0
65536 36 266569556 71825 51970 54181 0 0 0 0 0 0 0 0 0 0 0 0 0 0
65536 40 299900864 77262 56400 61280 5048 0 0 0 0 0 0 0 0 0 0 0 0 0
65536 44 316407274 88594 63593 109091 56543 0 0 0 0 0 0 0 0 0 0 0 0 0
65536 48 368928153 91623 69387 0 0 0 0 0 0 0 0 0 0 0 0 0 0 0
65536 52 401472733 105588 74879 139217 42850 0 0 0 0 0 0 0 0 0 0 0 0 0
65536 56 416409560 107311 79372 83642 0 0 0 0 0 0 0 0 0 0 0 0 0 0
65536 60 460597806 116088 84622 140751 33510 11242 0 0 0 0 0 0 0 0 0 0 0 0
65536 64 493310275 121207 92312 0 0 0 0 0 0 0 0 0 0 0 0 0 0 0
131072 1 13248163 2917 2310 0 0 0 0 0 0 0 0 0 0 0 0 0 0 0
131072 4 50178322 9427 7288 4273 0 0 0 0 0 0 0 0 0 0 0 0 0 0
131072 8 102701608 19607 14043 4932 0 0 0 0 0 0 0 0 0 0 0 0 0 0
131072 12 156510353 32545 21799 11129 0 0 0 0 0 0 0 0 0 0 0 0 0 0
131072 16 215599733 68497 30833 15339 0 0 0 0 0 0 0 0 0 0 0 0 0 0
131072 20 276933022 77956 43833 34536 0 0 0 0 0 0 0 0 0 0 0 0 0 0
131072 24 343512634 99449 56555 46239 0 0 0 0 0 0 0 0 0 0 0 0 0 0
131072 28 419780513 144361 71946 64593 11252 0 0 0 0 0 0 0 0 0 0 0 0 0
131072 32 495828205 148671 83776 88078 26384 3653 0 0 0 0 0 0 0 0 0 0 0 0
131072 36 549360817 152525 99806 131070 27899 0 0 0 0 0 0 0 0 0 0 0 0 0
131072 40 648185263 207400 119114 194544 64934 0 0 0 0 0 0 0 0 0 0 0 0 0
131072 44 710348447 217822 130015 180022 57933 0 0 0 0 0 0 0 0 0 0 0 0 0
131072 48 770279740 241474 153328 234193 77932 14502 9822 0 0 0 0 0 0 0 0 0 0 0
131072 52 847171900 271494 167540 271339 82935 21120 9916 0 0 0 0 0 0 0 0 0 0 0
131072 56 917521596 307781 188677 298116 99033 23966 0 0 0 0 0 0 0 0 0 0 0 0
131072 60 1010496497 363302 214652 400661 158046 52129 24996 7103 0 0 0 0 0 0 0 0 0 0
131072 64 1095583312 352348 227451 373639 136199 42894 0 0 0 0 0 0 0 0 0 0 0 0
262144 1 23402490 5284 2488 169 0 0 0 0 0 0 0 0 0 0 0 0 0 0
262144 4 96736537 23674 11880 899 1356 0 0 0 0 0 0 0 0 0 0 0 0 0
262144 8 196826601 59465 27159 4669 3974 0 0 0 0 0 0 0 0 0 0 0 0 0
262144 12 309403961 117452 57248 28658 4184 0 0 0 0 0 0 0 0 0 0 0 0 0
262144 16 459350578 158228 80958 41700 8488 8661 0 0 0 0 0 0 0 0 0 0 0 0
262144 20 595838492 232872 121761 80545 12312 8286 0 0 0 0 0 0 0 0 0 0 0 0
262144 24 744899445 321935 186406 172614 36824 9282 9257 0 0 0 0 0 0 0 0 0 0 0
262144 28 957648291 386824 247411 278781 79620 15983 8363 1730 33 0 0 0 0 0 0 0 0 0
262144 32 1124659692 500666 328112 384774 113705 25018 13923 3528 0 0 0 0 0 0 0 0 0 0
262144 36 1235299380 494318 312032 384803 132306 31652 16198 3580 0 0 0 0 0 0 0 0 0 0
262144 40 1455511466 565976 403899 545301 212552 54415 24154 5177 14 0 0 0 0 0 0 0 0 0
262144 44 1598950394 658940 501473 618704 269249 81519 48018 11574 6 946 0 0 0 0 0 0 0 0
262144 48 1751818700 741159 504031 656246 275330 75620 42870 11430 10 793 0 0 0 0 0 0 0 0
262144 52 1865275604 806713 545731 659361 262205 82029 55063 13330 112 620 0 0 0 0 0 0 0 0
262144 56 2003449479 830866 583061 762322 312285 88804 55445 14484 26 0 0 0 0 0 0 0 0 0
262144 60 2259525272 948704 685545 875123 385686 109314 71932 21172 17 2175 465 88 92 72 0 0 0 0
262144 64 2367675379 954069 697506 1000518 464960 126996 80395 20358 19 1572 1288 32 0 0 0 0 0 0
524288 1 45888719 12203 5782 66 48 185 705 0 0 0 0 0 0 0 0 0 0 0
524288 4 188340663 65611 32345 1714 124 459 1493 770 0 0 0 0 0 0 0 0 0 0
524288 8 386877632 162608 83211 41934 246 548 2267 4538 0 0 0 0 0 0 0 0 0 0
524288 12 609999955 293805 172552 189277 4142 968 2407 1687 0 0 0 0 0 0 0 0 0 0
524288 16 837445706 445745 263204 266097 14420 566 3106 2200 74 0 0 0 0 0 0 0 0 0
524288 20 1088360726 605473 388835 502975 81654 3652 2455 2295 22 1082 0 0 0 0 0 0 0 0
524288 24 1352729945 774176 543056 708049 184740 22854 2544 2228 62 962 141 0 0 0 0 0 0 0
524288 28 1672572781 858366 625959 796932 197136 26855 4702 2916 31 554 416 0 0 0 0 0 0 0
524288 32 2125102979 1064347 820034 1102741 463258 122680 33629 3400 28 574 1007 255 642 116 0 0 0 0
524288 36 2359799515 1316178 938712 1184558 434426 110911 37871 5362 39 764 1000 96 0 0 0 0 0 0
524288 40 2694471715 1378832 1052030 1381169 611839 207256 91646 17168 60 1175 3137 239 2020 29 12283 0 0 0
524288 44 3258006663 1624094 1203594 1433278 691876 262620 141686 34525 75 1703 4140 232 1260 137 32935 37944 0 0
524288 48 3331634373 1550956 1208813 1532562 748848 292886 168553 59456 36 3613 12771 681 1499 195 55169 0 0 0
524288 52 3989865160 2025592 1508803 1703193 811024 314432 163990 65876 78 4593 15243 530 2613 510 0 0 0 0
524288 56 4203544041 2084841 1537596 1827873 927701 349223 232925 99702 78 5734 22752 832 2607 354 36474 76664 0 0
524288 60 4439314407 2169502 1631423 1990588 951043 380958 231649 95164 105 7616 26130 647 2937 532 21628 72325 0 2971
524288 64 5344114321 2535979 1854714 2426775 1151322 436578 347398 151719 68 9296 27719 700 3398 1728 27614 91524 0 513
1048576 1 89383597 29408 14159 6457 66 81 77 5 0 4 0 0 0 0 0 0 0 0
1048576 4 372396814 167562 106867 111481 546 173 66 227 0 4 82 160 602 0 0 0 0 0
1048576 8 753473834 436631 304017 520798 76237 642 236 622 0 25 136 85 199 87 0 0 0 0
1048576 12 1196831864 681306 478808 884524 159983 7607 450 788 0 57 438 84 366 222 0 0 0 0
1048576 16 1624694896 941196 690894 1283120 304433 25918 739 1398 0 114 583 78 373 272 0 0 0 0
1048576 20 2085178444 1216921 906933 1561802 473416 111816 12011 17480 8 1895 14347 217 834 461 37338 0 0 0
1048576 24 2559522711 1662159 1219669 1924966 705351 209429 40636 34604 39 2653 22535 218 980 404 18617 0 0 0
1048576 28 3353676113 1319289 1343709 2257781 1102679 504758 215554 136808 31 8006 68451 524 654 385 12475 27253 0 103
1048576 32 3962955206 1828453 1636228 2590555 1214213 561544 189918 252432 82 16603 161032 578 1177 665 10270 16868 4 283
1048576 36 4824132171 1832867 1892320 2915676 1381683 710921 291568 479905 150 34049 338116 1010 1711 940 9062 22274 0 228
1048576 40 5713056158 1449554 1638014 2993097 1497132 838280 444788 750687 370 73470 794939 1721 2852 1392 5978 19011 10 390
1048576 44 6594961178 1386544 1675075 2974269 1620082 861461 553654 1065302 324 124372 1228625 1854 3197 3235 4902 18641 5 262
1048576 48 7422409407 1454885 1816710 3180330 1765891 859670 559254 1378039 279 169629 1904667 2091 4529 2869 4364 20233 10 335
1048576 52 8347005198 1284777 1418438 2865407 1681146 981698 655278 1118593 692 219957 2290246 3515 8210 18235 3490 12318 25 517
1048576 56 9210023097 1180598 1373585 3235358 1832725 1149605 769978 1177145 717 252137 2718387 3045 9703 25170 5660 29624 67 543
1048576 60 10241745135 1150119 1196027 2796345 1679977 1362866 846836 1099802 370 256230 2452598 3172 24879 51096 4291 9302 34 729
1048576 64 10981242332 1706420 1671275 3319497 1839547 1631837 840043 1431198 509 280082 3011795 4677 26595 162356 14338 39616 92 531
2097152 1 179561791 24747 20418 141729 2760 245 140 50 0 2 6 0 1 3 43 54 0 0
2097152 4 761820383 115629 119257 414686 224442 114084 464 545 2 11 186 0 0 1 475 342 1 0
2097152 8 1581200356 282420 289300 764350 474943 362754 88970 14779 8 582 5455 11 8 20 712 553 0 9
2097152 12 2451428329 397404 433395 1150777 554187 268365 173678 221596 53 9625 93622 113 162 99 858 860 0 19
2097152 16 3348033021 558279 617419 1464896 682392 375585 289199 480536 49 32024 295645 260 222 276 851 1237 0 8
2097152 20 4274318150 948868 925849 1830520 879462 774002 355475 1109306 238 106972 1152984 598 509 637 1221 1303 1 32
2097152 24 5327480347 939317 987828 2049960 1032960 1711965 395920 1601587 629 229606 3124065 1072 1667 1763 1254 1924 39 119
2097152 28 6598193799 1198757 1197347 2417899 1228280 2651742 497490 2475045 697 285326 4070709 1435 2955 2258 1523 3307 117 321
2097152 32 8014878152 1385476 1283413 2550029 1333930 3541533 558284 3401991 1164 337325 4257015 1733 5884 3095 1845 3552 134 442
2097152 36 9727248747 1878771 1565624 2936285 1522948 5028475 573563 5071500 969 510318 5835137 2393 11142 16464 11318 18065 174 767
2097152 40 11432882796 1667020 1356158 3097719 1650730 6066887 650750 6069628 1423 535160 5724184 3823 12580 5847 25047 22500 225 662
2097152 44 12998569141 1891708 1441673 3254999 1803104 7107206 719370 7166128 1320 583316 6483364 3722 18121 6790 75958 150604 176 567
2097152 48 14838495317 2239821 1647794 3930382 1968943 8478770 702736 8635254 1349 647965 7830545 4623 18787 8375 119720 278155 210 812
2097152 52 16537943265 2837336 1854877 3703765 2017956 9933763 829782 9995759 1693 742356 8926827 6706 25378 18659 206723 669544 210 801
2097152 56 18488621283 2750373 1583912 3733595 2025263 11641504 884120 11386839 1769 755286 10001482 6666 35110 147515 355627 1569785 269 1563
2097152 60 20447005038 3288410 1384016 3386515 1886927 14686649 936850 13533510 3222 864909 11442781 7941 42020 220761 574870 3387785 392 2196
2097152 64 22082446828 4130974 1705590 4081621 1963533 16821881 1265083 15242217 2500 938017 12289928 6007 67832 476708 655189 4126958 393 3292
4194304 1 356901653 38635 29024 180686 14034 517 201 656 0 15 35 0 1 1 80 117 0 0
4194304 4 1526775884 173850 190510 441977 220351 278942 243371 119735 2 10433 80943 51 112 120 843 1897 2 4
4194304 8 3170148011 427852 435171 1021642 536590 886097 447596 531911 371 52969 678139 370 238 311 1526 1265 3 8
4194304 12 4888754151 791660 670939 1711341 824893 2389846 220825 2415566 425 198052 1896141 2094 3531 980 2133 2187 114 250
4194304 16 6712671354 1044078 794965 2212767 1045806 5208878 285292 5398633 884 421480 4612264 4440 10896 2213 41971 20654 382 160
4194304 20 8594690219 1589249 1080787 2653593 1283993 7918742 399803 8246861 1299 617812 7274764 4132 17101 30709 233204 322901 759 299
4194304 24 10608753724 2052191 1316362 2989459 1550552 10803179 626372 11131186 1020 794508 10014680 5166 20983 76231 445520 1120130 949 1365
4194304 28 13061004344 2541080 1353595 3209868 1704386 13290525 660293 13876365 763 980160 12539661 4507 14623 6383 539753 2086723 1299 8373
4194304 32 16186243042 3743133 1972661 4183634 1926001 15814284 767585 16390658 1040 1136394 14990797 4828 20072 55029 576670 2656500 1241 11228
4194304 36 19347394911 5054810 2637086 5311603 2069072 18493475 713710 19509180 1562 1320548 17917136 4886 22699 51279 550051 2966385 1218 13587
4194304 40 22475410035 6647043 3541497 7176256 2701986 20927828 883372 22778526 2505 1532532 21182449 6007 21035 7677 599487 3331445 1615 19721
4194304 44 25743040656 7685506 4271214 8190347 3266806 22157387 1006908 25286720 1904 1728490 24197298 5839 22420 46226 626313 3677083 1532 16955
4194304 48 29317874351 8259584 4627267 8587741 3698631 23192671 1250273 26888440 3264 1942817 26729476 9261 29107 37274 665234 4062669 1287 14557
4194304 52 33002225565 8299138 4496550 8179255 3812664 25008211 1442498 27016461 2900 2257820 27847967 12285 57634 137020 675656 4458297 1318 14064
4194304 56 36870648637 9011628 4739137 7777953 3903543 27445339 1671218 28607930 3408 2618261 28231522 14610 99020 339117 729302 4910127 1273 14877
4194304 60 40897415868 9785656 5154040 8028925 3994590 30897033 1988616 30963738 3388 2712196 29367354 12223 178352 400136 839776 5700250 1295 11182
4194304 64 44594186516 10546100 5487934 8784855 4106138 33542719 2244267 34019039 4350 2756011 29953473 17474 187600 1068837 930479 6516439 1097 14986
8388608 1 712578694 64818 53265 195579 20390 10973 590 24729 18 5703 21534 13 16 13 137 292 0 0
8388608 4 3060025392 374525 309763 682882 320922 1637871 446694 1255034 86 90870 1045238 2639 8270 29652 83936 124444 11 454
8388608 8 6371238674 1308390 797383 1571299 816780 6629864 624301 6478367 666 462020 5777206 1267 11687 43797 162182 343860 135 6965
8388608 12 9849890786 2245155 1429384 4503449 1658655 11399660 452994 12483405 703 898726 11446683 2201 24468 254004 227091 626757 436 11804
8388608 16 13473255821 3109825 1784042 5705468 2658770 14526188 1102272 16745049 1043 1275324 16741801 2518 48329 528513 304963 987852 897 16410
8388608 20 17225785661 4234243 2389579 6390026 3015534 18783920 1315312 20200980 1615 1572463 21038001 3647 50460 546649 387424 1416951 1750 23522
8388608 24 21339537924 5077678 2728632 6756329 3118633 24054990 1742636 24227126 2747 1760391 23384051 5906 80234 731526 432756 1867831 1930 20208
8388608 28 25963911215 6100410 3131494 7280900 3593708 29546639 1823168 30294745 3188 2279779 26763291 5732 69098 515458 808980 3089703 3255 32694
8388608 32 31616734501 7767356 4035708 8572789 4011608 34424489 2273951 35458227 3276 2595537 31812637 13952 102823 804529 1023459 4199481 2981 35717
8388608 36 37714512635 9772580 5054918 10571088 4550383 38907772 2464554 40395100 3704 2873115 37593849 15486 107146 862948 1155563 5763697 3444 39174
8388608 40 44281137099 11719907 6123553 11998337 5226197 43002300 2638824 45429221 3569 3343301 42435916 18078 223021 752155 1230063 6770076 3197 38409
8388608 44 51058700472 13772250 7180912 12706594 5778993 46234709 3389556 48249580 4892 3764210 46069777 17139 340066 1069120 1304668 7527912 3539 43987
8388608 48 58309109342 15019364 7814031 13229460 6313558 50215335 3454972 51885647 3901 4068790 49163152 21775 414140 1203700 1392952 8518405 3640 37394
8388608 52 65673481553 16648199 8613074 13335394 6456098 56074347 3554864 56911330 4411 4188193 52109104 19176 460305 1059091 1629663 10137665 3299 31853
8388608 56 73255654056 18793508 9691426 14649398 6783276 61168681 3605820 63107779 5318 4445477 56183122 19001 514096 1316376 1810102 11790111 3414 28027
8388608 60 81652389032 22079697 11202551 16520584 7178221 66361391 3951036 68805364 7338 4934637 62524230 26161 538538 1440931 2101222 14754372 4045 40110
8388608 64 90365350941 25358110 13378491 18290862 7925111 70065726 3594083 74141320 8804 5320202 68003803 29186 508726 819778 2217787 16643805 3628 41969
16777216 1 1426803056 178737 98096 241069 8158 1001524 468 1092800 406 81645 990435 1549 1719 111 699 698 2 31
16777216 4 6135020718 930062 636144 1550703 740284 6074328 1519347 5005805 605 360322 4393152 1381 76582 852343 100863 138123 61 11416
16777216 8 12755362626 2728632 1504400 3681661 1782064 17800643 3052546 16123741 758 1177622 14653438 5307 175506 1952110 400670 726596 310 30276
16777216 12 19655240654 4276473 2279656 7354787 3276323 24415406 2997988 24765725 1163 1878987 23957254 3826 191020 2383077 438673 1240723 959 40851
16777216 16 26884092372 6090568 3202935 9030242 4177685 33081717 4341506 31619128 3572 2355142 30240608 6405 277534 3485331 635975 1949422 1967 57289
16777216 20 34404270281 8106890 4088279 10342524 4793398 43379138 4230310 42531968 3060 3066782 38278964 10090 250380 2978102 1116343 3498385 3056 68459
16777216 24 42338818550 10998178 5846294 13759300 5957998 52309368 5821333 51761631 3230 3837362 47172085 11791 442138 3831322 1416794 5270599 4682 101359
16777216 28 51106686241 13941943 7428796 15913225 7224490 60929360 7031333 59553907 3864 4360633 55158569 14986 697769 4467339 1592235 6816440 6468 130316
16777216 32 61918678444 16963739 8999047 17691663 8212934 69306400 7949096 68079364 5547 4947887 62853394 14946 814677 5197607 1974365 8774514 6987 165047
16777216 36 73908198536 20058546 10570699 20512631 9172593 78846393 7954796 77889984 6468 5685714 71419234 21202 799544 4643419 2238158 10803899 6677 188893
16777216 40 86416465677 23652321 12635552 22518950 10021877 87422957 8363684 87229914 7633 6503174 79685796 26246 875712 5151345 2517710 13336818 8545 205916
16777216 44 100572898000 27413788 14153042 24041886 10600920 96378819 7896487 97084830 7744 6847825 88606422 29328 814949 4265992 2799630 16077845 9151 190197
16777216 48 115482688446 32463548 16870141 26772211 11731436 105639924 8018752 107459284 10692 7630410 97164269 36330 841822 4605972 3151565 19462348 9983 187067
16777216 52 130580798896 36859377 19945336 29074332 13028314 114690443 9803348 116209069 12548 8578329 105658474 40198 859203 4971408 3554467 22517788 8471 163834
16777216 56 146769556756 41024618 21836924 30845614 13847503 122363440 9022485 124985417 15211 9249896 114438509 43410 813260 4063712 3700890 25284304 12604 119541
16777216 60 164157518597 46036941 24364025 33608034 14989664 132660735 8359529 136465334 14584 9467646 123405141 51488 582855 2706135 4187104 29279098 8195 116660
16777216 64 181937998993 50729409 26889643 35511983 15656325 142209378 6971673 149565352 21197 10622647 135275429 52986 714647 1281390 4503437 33104126 6371 92586
33554432 1 2888284597 505250 134991 772884 54395 4264294 2542 4604716 862 323287 4228999 2800 628 491 2388 3488 0 124
33554432 4 12823088633 3399886 2121231 4291864 1807451 17865515 4242421 15083638 1134 1080597 13876434 3433 366488 2750477 452012 543677 110 133812
33554432 8 26569957682 7167121 4344970 9616882 4296526 36815933 7654971 32221589 3077 2348387 29116868 6715 673417 4868455 978104 1662127 625 220602
33554432 12 40055331301 9621661 4908628 14071160 6084413 51585161 7018343 48707704 2593 3542482 44776543 12988 588913 5639851 1118596 2893149 1805 228628
33554432 16 54999274797 14122584 7519094 19797832 8083262 69860949 9190061 67098338 4091 4892559 61295662 18039 1285677 6945321 1726216 5208694 3468 290556
33554432 20 71022787641 19380791 10543564 25823370 10878279 88006144 10995571 84905731 6114 6256362 77664030 17656 1761704 6914982 2430702 8014675 6108 378046
33554432 24 87096725228 25046465 13578489 31045839 12891902 105602013 12370680 102880796 7753 7672514 93686708 23620 1320468 7688949 2973054 11072022 9260 470140
33554432 28 104957338860 31529775 17632208 36600801 15571695 124407452 14572056 121048881 7724 8953419 110325844 31992 1492623 8460767 3739717 15229829 12734 535468
33554432 32 125089144924 37646316 20859664 42764028 17902206 142624904 14439825 141279113 13679 10271981 128667819 40774 1517494 7063631 4424350 19703534 16566 523030
33554432 36 150397700094 45514952 25225160 49128511 20352132 161076457 17205191 158215361 15498 11442760 143527730 51703 1956623 8805684 5255050 25049594 17452 547755
33554432 40 175971587823 53093111 29209912 54331576 22369076 179523788 16192722 180047910 15247 12946593 163217045 55288 2132268 6452263 5990494 30296263 18508 432168
33554432 44 202914358029 60695768 33144088 59201748 24034964 196661623 17666889 196965164 17696 14173098 178148745 63104 2622451 8198358 6251021 35542598 23592 449813
33554432 48 232733808983 71061170 38885630 65569730 26447851 214205725 18383726 216249347 21612 15826962 195094478 78881 2119738 8038207 6906650 41972562 21884 511831
33554432 52 263436993178 79733859 43366331 68564128 28319559 232684914 18266867 236565964 22262 17274378 213503723 86357 2028235 6917690 7574793 47802609 19711 404606
33554432 56 296959579357 86795304 47188004 71798704 29491164 251442847 16811354 258213968 26063 18820563 232453962 103219 2295708 4750962 8202702 54451426 21709 262974
33554432 60 332199296214 95557626 51728397 74657922 31315797 268831053 16658392 278479982 29223 20390346 251986454 110506 2052364 3821964 8718222 60723140 15270 214940
33554432 64 367017863567 103555434 55481275 73407644 31016008 287003416 12747202 301647674 29839 21680084 272336233 145397 1932119 693519 8975183 67046550 13595 164412
67108864 1 5768401636 1017031 258382 1666532 70671 8511853 2629 9369796 3006 661450 8646454 2167 1658 614 2862 4312 1 364
67108864 4 25498943260 6283487 3263038 8147280 3267587 37220571 4876787 35458834 2403 2485040 31654998 5895 397367 2141556 976724 1194625 356 168600
67108864 8 52572535789 12695836 6477436 18815410 8590127 73881612 9036396 71396289 4337 5382220 64537374 14230 1133390 3279857 2056993 3399684 1478 276380
67108864 12 81614036829 20627118 10364842 30743755 12331499 105360614 8332888 106528471 6313 7925256 97239240 17244 1201632 4440911 2638438 6773940 3731 474489
67108864 16 111315156236 29243621 15192267 41963290 16999103 140949552 11287176 142850937 10010 10444190 130388368 27737 1418082 5592421 3739346 11145367 7376 540869
67108864 20 143576415166 40269429 21449632 54326974 21795216 178636115 14862991 179851149 12262 13129064 163363648 42921 2223523 6131041 5100816 17267141 12663 690225
67108864 24 177579097020 53803475 29323102 67756862 26895789 215437769 18556447 216540514 17478 15785895 196240140 53125 3258443 7459133 6847939 24556601 19688 1063151
67108864 28 211568926424 65631469 35783285 78433741 31736221 252515503 20456477 254877006 21320 18505041 231191074 66922 3800577 6907596 8005334 32156877 28722 1072136
67108864 32 249198616760 77559666 42622018 88794700 36122226 290595194 23241677 293786053 27292 21725981 265290543 86014 3229626 6652821 9412604 40744596 39382 976112
67108864 36 303824675417 91579587 49208940 101017552 38558694 324338449 32576698 321542955 31178 24737022 289592342 108269 4495529 15657924 9917991 49715618 35407 1144526
67108864 40 356295247220 108224730 58577034 112621690 43096174 359640853 36302072 357102257 34332 27802698 321012956 112811 5079061 17151100 10883722 59987542 39225 1203716
67108864 44 406550568331 123116522 67362260 118392333 46734309 398182039 34301444 401693763 37617 30746664 361532482 129651 4563970 12474136 12711928 71240242 40084 883394
67108864 48 467310262613 141289889 77299479 130615641 51515829 433612902 39335422 436079923 42321 33757769 392233684 163544 5227956 15571716 13927913 83881834 38904 899022
67108864 52 535354780304 161306952 87042363 142872335 55887048 468895373 41092252 473695677 44196 36575869 424589641 169794 5643936 15805761 14996329 97031058 38405 800152
67108864 56 597066826976 177116355 94706984 138930472 57352556 509694010 31956755 527209329 53961 39152404 473987622 185012 4422637 3895752 16880328 109641139 39262 511370
67108864 60 669731066091 195492049 105637882 146814653 60881675 546679161 31609914 567419046 55794 41764971 510388176 221938 4752633 2623248 17940223 122908635 28226 441137
67108864 64 738901370424 211035500 114221560 153265574 63756027 584804475 33011546 607048456 78829 44362547 545853806 267894 4671798 1799884 19190802 135574966 24109 365039
134217728 1 11655420749 1920710 370713 3323609 142179 17112554 9588 18607426 1745 1363340 17191586 7677 3640 1752 10489 15696 4 697
134217728 4 50661308568 10546741 4452078 16739919 5905332 74264454 7355037 72946326 5245 5701762 65687210 12502 690316 2546494 1402603 2211293 801 163289
134217728 8 105052081161 23988006 10865381 37225364 16120971 147672701 11602839 148986896 12088 11375014 135048610 21815 1296464 1665683 3654079 6621629 3487 424902
134217728 12 161760214086 37284156 16629498 58648847 22750546 212805878 8719585 223271492 15565 16549202 203642154 37683 2051148 1673466 4651461 12903943 7748 523076
134217728 16 222729534110 57032916 28182666 82778693 32737543 285165949 16328770 294610389 20678 21944935 267765904 62284 2970637 4316470 7345147 22391316 15258 998706
134217728 20 285223220849 77840532 39113428 105451416 41190567 357698777 20124532 370740945 24931 27526271 336094800 77011 3708686 4892161 9937378 33700762 26350 1208486
134217728 24 352112587924 102186108 53185959 128180609 52329757 433894871 30021842 443302771 30056 32996081 401751999 98844 4926259 6257681 12832729 47653757 38483 1572224
134217728 28 420203373220 128192700 67891883 148516021 61502684 510636632 33513155 524380805 36760 38618686 474457858 122002 5281059 3433458 16373302 63425446 59966 1839143
134217728 32 497160608364 156568646 84934902 173436245 72097618 588209279 42970261 599220542 49992 44464196 540733545 148493 6154851 4902392 19539752 81873181 78855 2119814
134217728 36 596561910624 185015771 100368331 193029048 80008840 660732744 47949808 672851270 53772 49800913 607320996 191534 6351602 6681346 22396826 101461573 80714 1683981
134217728 40 700488420786 211052428 114161460 210453262 85979782 730283868 53095123 743959103 59906 54489233 671531943 199875 7254512 11865060 23575306 120810272 74138 1590563
134217728 44 809257157984 245144853 132578130 228444463 93465160 801833336 59368800 817190345 69394 60829522 735690711 244372 7881973 14564541 26399953 143754111 78682 1536531
134217728 48 923055092691 281957049 152120065 244554571 101770954 878883995 62002242 899152058 84010 67135353 808924156 266037 8356037 9301994 29689727 168813837 89621 1302639
134217728 52 1049075974089 313491549 168107518 258649490 105394477 942602971 58753348 972823947 84573 71496436 876197348 310840 8122018 11833747 30395963 192846487 83089 1158050
134217728 56 1187843713068 354268492 192902608 277409728 116042191 1022372994 65709588 1052518658 99591 76589397 947328793 335919 8926599 10248910 34165150 222276150 64777 1027196
134217728 60 1335246070711 391380455 212624117 292930565 121975770 1096676653 62362563 1136602111 111866 81784795 1024175206 376848 8970780 3749763 36170766 249625214 53244 899961
134217728 64 1489943920748 427277581 232827274 303632775 128377214 1174260825 66741842 1217198421 123495 86956485 1096540871 486436 8963887 2032051 38560322 274383983 37953 684590
268435456 1 23457249990 3463286 447305 6981877 297313 34319410 24781 37646275 5819 2909907 34559669 15291 8154 3573 13926 23813 4 562
268435456 4 101370923311 21579813 9093978 33557547 12405531 150147494 11051909 151784768 9708 11151013 136744475 21096 1651605 459616 3337970 4529253 1208 410673
268435456 8 209252692081 47237169 21251605 73475902 32870278 296022978 21045045 300479093 17887 22018993 272605293 50861 2502119 1134163 7457721 13257228 5726 704797
268435456 12 324251769086 76194833 34430461 118226560 46759622 427037072 16758146 448520586 28208 32475912 409198437 86466 5333276 1661156 9813076 26610487 15035 1110170
268435456 16 442451174636 109885064 51700834 159925824 63088926 569948751 22422065 599117967 37560 43900387 546027101 102577 5455383 1666982 13737514 44183819 28160 1453194
268435456 20 567144355202 152606561 74669768 203396518 80415599 719857512 36485078 748017318 45713 55690791 679520928 134994 6272996 4211663 19393467 66761841 50821 1951117
268435456 24 698690130647 198810275 101376070 244809074 100731687 871964773 49925130 900424139 59814 66348180 817004194 166180 8441768 3182068 25440075 93712275 77090 2420019
268435456 28 836179410322 251565389 131802230 285835289 119856554 1026606595 62504521 1057473791 66299 78841868 955594288 220145 8233428 2052539 32556726 124901348 118192 2885482
268435456 32 983453562010 306694901 163007896 329411007 140033787 1175127493 75813488 1205751894 86898 88850406 1089499042 292188 9912504 5419342 38301473 161664561 155863 3267962
268435456 36 1186173254370 361269404 193185876 369989246 154129140 1320692146 93058225 1345721403 97018 98191573 1216149842 376459 11725082 15430818 42209322 199132044 149934 3062259
268435456 40 1399261741202 423130374 227608405 412864043 168612777 1462906787 103015937 1491982489 117910 108957954 1346778036 394207 13077737 21402409 47061920 243488755 129395 3075983
268435456 44 1616771025467 492773863 265139989 447667110 186151513 1613945632 121037269 1641481126 133929 120365778 1478611905 450268 14404551 25528898 53601042 287379948 134466 2825975
268435456 48 1837706029692 562014463 303029358 478856483 199640526 1754093302 120896968 1795901642 152461 132414345 1617065014 461025 15350156 23250035 58703758 336277140 148541 2559540
268435456 52 2097988254261 625686943 338638719 515110910 212274273 1894904855 121119749 1949712897 163389 141622892 1756886242 560206 15095070 22705467 62068497 385886361 135989 2293720
268435456 56 2365016733689 697231719 378061023 542200806 227499804 2054285719 139719505 2102359933 181188 149877367 1896009708 629464 15692458 23811783 67727467 438073082 116655 1847211
268435456 60 2678318997380 786592008 428990962 587192499 246938411 2204891986 139301469 2267947094 199489 160364692 2042936105 751148 16177225 15410000 74337506 499546582 109353 1669094
268435456 64 2974927296340 846539334 458978543 598084709 253747160 2348321093 131283538 2430441425 214557 167954310 2193850419 1001096 15140855 7843556 75297874 546478098 68005 1258970
536870912 1 46870063022 6766186 424281 13964400 207496 68893617 30592 74762971 11166 6135466 68919938 32521 281197 12950 11705 10117 10 1266
536870912 4 202399046849 43104583 18120402 67046052 23894063 301756165 21528107 304576789 17886 22243520 274680025 42593 2960478 231203 6793011 9097714 2405 640810
536870912 8 419034362701 93403399 42134921 146910744 65100030 593439599 49282153 593731195 35035 43104740 538390622 92974 5590846 8448739 15234176 26314394 10328 1359961
536870912 12 649948689361 152359180 70402999 237431632 94614231 854861508 38349936 891801593 52317 65856371 813310966 141439 7915781 8181800 20005175 54141320 27380 2063134
536870912 16 903611191677 241378199 123875051 347156163 137347134 1146911806 75444249 1173728977 73608 85841293 1065206860 239731 14317121 22055085 32470142 96425353 55011 4041203
536870912 20 1148878604037 316095604 161448833 428928123 167407678 1438033187 91387008 1473733366 96338 106473087 1338442016 327661 15756105 26198390 39848240 139642911 97473 4586453
536870912 24 1427021516505 417974581 226346621 532981547 211812955 1739671727 164160367 1726285669 113915 125087399 1562821768 397590 21945577 70020074 52437614 198328047 139323 6819241
536870912 28 1683531531135 509195619 270288483 590595707 245797759 2057233824 151303055 2086810814 136678 152113728 1887979952 467195 18011299 26634781 63717782 256166958 227747 6100455
536870912 32 1962585821869 603107964 319334156 644939715 278401646 2361610983 171286835 2397519060 163738 174678201 2168086088 596342 17905298 24240890 75023873 319070132 309041 6291265
536870912 36 2397594202952 739067693 405573970 774643485 317346365 2651270402 238836307 2645083667 204174 189180884 2384997648 719317 26205886 78215772 87744740 410699169 280162 6839900
536870912 40 2813534114062 859818036 472528326 852928799 352555574 2938079349 250381210 2949302004 223941 212967958 2657264164 814343 26295518 77989429 98631201 491900832 270645 6040599
536870912 44 3262373908038 1022072849 565497079 952108514 394065793 3238550355 305263124 3224044769 232522 234961648 2899642741 903298 31408913 102461628 113174613 600232889 284974 6280724
536870912 48 3712800432100 1147744185 632727308 1013397242 415238784 3523039420 334706153 3507134325 288545 255072241 3150843277 992823 33718952 124074261 120391399 691506331 299066 5880254
536870912 52 4184925194049 1253454348 678806321 1028297349 424928510 3791191856 240943777 3898267325 327384 279270138 3512602800 1114118 23739550 47869380 123074757 777706289 247686 4024416
536870912 56 4723176154294 1408123641 768031026 1077382821 456192649 4102417962 281226863 4192418264 374172 294487513 3779563070 1258674 25085317 60806350 135652007 885658260 224129 3579325
536870912 60 5355830564183 1570853460 864181354 1174746273 497343724 4397695377 316524926 4480120556 388664 312888272 4033034528 1405584 29115216 78968316 147691602 1006797724 167987 3093570
536870912 64 5954499103884 1676842537 907986556 1170654111 500681260 4671965686 244917192 4846145124 456246 328680896 4377491370 1931644 22511756 25386102 149216123 1096693233 116306 2287614
1073741824 1 94354489133 13448458 772248 30027120 215276 138329760 526357 150239021 34486 11559146 137948865 51091 479148 484869 17366 20829 13 41481
1073741824 4 403603075816 81784888 33122600 132710460 46575041 603396127 41697565 609225826 33718 43359121 550329104 85462 5223108 382659 13039915 17741354 3538 906901
1073741824 8 844130296167 195688480 92856630 302832514 136736920 1199463427 102413744 1195916172 69294 85489505 1083523824 165225 11796510 8360923 33657964 55443784 23464 2952750
1073741824 12 1303536958973 308560836 143789116 476796067 189166720 1709117150 84482272 1774635625 101652 128791324 1617674024 303116 16635889 22970392 41303290 109932010 56114 4079442
1073741824 16 1807532725714 478173192 246442853 688350380 283070638 2303545393 151491272 2352888556 142427 169443332 2138537002 454112 24656103 41065404 66650595 191360238 111045 7537027
1073741824 20 2283647318068 612963586 310692044 826727156 333513828 2896883102 195357606 2951092604 188251 211876744 2683104043 507417 25128140 54900808 82087722 272948813 190112 7639502
1073741824 24 2822800463202 807976815 424649709 1018304515 423015047 3507066374 288627177 3516733374 233427 251725142 3189896454 686803 30913859 89801826 107084909 385535260 292808 10371354
1073741824 28 3358732607402 998274932 527692721 1166202413 488091067 4116568388 312313142 4159627859 251345 299940457 3766066478 944917 29732001 66341327 128137273 505820648 447027 11394657
1073741824 32 3927864516440 1196983226 635187202 1287291460 553751970 4717254447 374911382 4747435480 312834 341310104 4295967621 1098486 31549145 91632000 149621768 639477514 591105 11769693
1073741824 36 4832753656404 1526013126 851748398 1612407939 670867324 5325502760 550422249 5232514443 395394 370484179 4716429715 1407396 51927606 200323185 183336587 843784952 530648 14122757
1073741824 40 5628944224571 1717301184 937083125 1700401035 703880894 5891750721 471211341 5937927402 455526 421099847 5359966138 1425557 40353209 117327570 198836835 989410417 497457 10891995
1073741824 44 6492850396647 2003364402 1092656267 1870295713 760148799 6457552750 529806098 6504865403 464787 467308709 5855973015 1753053 46162789 156834070 216420329 1184148387 499361 10213078
1073741824 48 7427371908484 2308656826 1278509251 2025777755 832213338 7047695767 676294756 7007825764 592651 509308555 6294935353 1938954 58044495 255646684 244206286 1396794292 547477 9627781
1073741824 52 8404332942862 2529968182 1392649084 2066620524 878728913 7659479150 608852594 7735184325 662433 548530184 6968330066 2098239 44098777 154371876 259090494 1569916000 497918 7856320
1073741824 56 9607733751034 2938474791 1637461533 2359993575 976154703 8190310046 735082960 8195759163 757051 582404170 7362479897 2256487 62535298 285628982 278905410 1845656968 412847 7928956
1073741824 60 10672887981402 3101858111 1701767725 2269039680 975014116 8807067172 572105956 9018059411 768027 617285863 8139965823 2609324 40568069 105902875 292029221 1988864545 311129 5598332
1073741824 64 11928928245126 3367809786 1832387594 2370112688 1023102334 9416880560 590340352 9653618210 847523 650267851 8722256738 3738631 41228154 87917622 304436934 2193691681 216246 4558497
