# size thread(s) cpu-cycles node-loads node-load-misses node-stores node-store-misses node-prefetches node-prefetch-misses offcore_response.all_demand_mlc_pref_reads.llc_miss.local_dram offcore_response.demand_code_rd.llc_miss.local_dram offcore_response.demand_data_rd.llc_miss.local_dram offcore_response.pf_l2_data_rd.llc_miss.local_dram offcore_response.demand_code_rd.llc_miss.remote_dram offcore_response.demand_data_rd.llc_miss.remote_dram offcore_response.pf_l2_data_rd.llc_miss.remote_dram offcore_response.demand_data_rd.llc_miss.remote_hit_forward offcore_response.demand_data_rd.llc_miss.remote_hitm mem_load_uops_llc_miss_retired.local_dram mem_load_uops_llc_miss_retired.remote_dram
4096 1 47362484858 6874435 309553 16962734 537364 76705197 684621 82679836 23281 6131326 76371759 26348 99089 535625 18584 19827 13 8908
4096 4 207368191596 54215363 29151530 69886748 24856297 320551996 28187542 319419145 16850 23731007 288159582 55866 4610615 11116612 6144817 13325711 4103 1791005
4096 8 432607469363 105865437 55389128 137803436 57895367 638931750 65963606 625383335 41758 46205371 565273902 95589 8961012 33694271 12130820 29075295 11185 3903381
4096 12 665839874172 169414457 92540638 221813533 93717748 948271449 95557415 932129261 62712 67513335 851264562 161607 14946474 49826868 19103812 50930846 28258 6392638
4096 16 931157885786 257359616 149922547 335743811 143263998 1270231679 181232618 1195161036 83037 86204738 1080419940 233252 26688769 108001428 28956288 82128822 54774 10985949
4096 20 1223533902709 372397758 236785650 482517641 203091702 1575354068 276620498 1428006169 113064 102565633 1285523490 356305 42760252 185414777 42959822 131252606 93207 17170029
4096 24 1508425680767 479980709 311248131 623415340 260411046 1904060549 374855883 1679886300 138293 119440199 1507799023 458377 56499907 249889394 53940671 179807141 134879 21819522
4096 28 1800886490555 598119623 391954595 764738112 316868395 2223989223 442689351 1956600363 171878 139382095 1751437811 568065 69893758 294513364 66452681 236212388 207368 26894162
4096 32 2139878448609 739631577 493026970 921021689 381784339 2547797032 566451861 2190294242 202968 159099733 1949814682 737981 86074088 382158287 83043824 309207130 260281 31431632
4096 36 2583966502845 932629754 623384187 1083802891 438899803 2834037532 631791561 2447320832 256081 183950738 2166016552 847716 108264739 434759781 100778604 404771042 252568 34291558
4096 40 2975412050807 1097518208 725958021 1210218402 482460945 3111826218 680958754 2713064239 262727 212395061 2384803046 926125 125531029 487488914 115544700 489860339 235168 33895675
4096 44 3451356260109 1288347542 856193781 1353067077 532472826 3403835645 735401773 2994744544 312229 243451897 2618795360 1077694 146352204 519786889 130252922 589742758 259009 33745671
4096 48 3898272608267 1483387616 976718354 1474269739 581296919 3675852876 821295490 3231321012 337935 276194261 2799827266 1175922 167911639 595231721 144498141 691049370 254289 33169731
4096 52 4364351015019 1699764543 1114181408 1596321280 622975300 3924501204 896991379 3443422603 390753 312140983 2977215300 1291736 196029055 677391970 157644393 803994092 232258 32219649
4096 56 4880740164043 1906383358 1246397529 1715267269 662475069 4193831651 981361492 3678762067 406215 344715789 3153634256 1449203 225366467 750284182 167992673 904728107 208725 31513916
4096 60 5382441026414 2110762261 1366949724 1801247274 690211997 4448671837 1032872908 3928015979 434399 382974729 3358410581 1635711 254725550 809744278 178019198 1009287976 170235 29916873
4096 64 5896968121743 2314663718 1493070893 1910687835 730919823 4704594807 1112469433 4156598932 515602 419062690 3538444711 2208542 279947594 891138388 188593332 1116137464 224780 28408925
8192 1 47204636111 6382146 239373 16221197 572310 73311345 211362 79484248 24827 5657837 72979595 22555 37021 14628 18846 28117 669 3729
8192 4 204945392143 47545553 22998779 68628095 24446924 310012515 21562078 314526089 18259 22715677 285012887 43395 3113198 2698629 6646484 11315596 2714 1289598
8192 8 425448577248 100264460 46516347 144895763 57952581 608124405 45230578 616131860 38603 47271448 559126094 90715 5945395 13468413 13704208 28060132 11750 2526719
8192 12 656009115566 160724932 76838368 234919109 89035904 897121698 63802700 916157464 56631 70668416 828532339 167394 9861838 27548122 19494525 51053117 30504 4107830
8192 16 898009711431 227315194 110421238 326637706 125337855 1202990615 82511344 1232585646 78784 95449674 1112779143 222034 11431538 28644999 28484308 80086171 57556 5351005
8192 20 1157191532844 316707232 164636849 432033717 167476940 1501563802 112529544 1524639204 97762 117601667 1377924722 294500 18555343 43122296 37997957 119764435 103832 8428240
8192 24 1430069217474 414558222 224232322 538700502 212509230 1807678322 164585059 1811082343 125237 139909452 1631133707 432784 26396670 68552577 49766650 167425838 155688 11198179
8192 28 1699111964216 514652673 283151557 646758942 253402701 2116990923 182381649 2124993916 149158 164766846 1915943743 541554 29887995 70792921 61924879 221267580 235193 13168974
8192 32 1987497767463 623019747 348125657 751782141 294858582 2417470599 232009277 2409168310 189773 186417180 2162580281 677172 37163705 103324012 71286319 279713747 303931 15770512
8192 36 2411326742731 773187970 448432821 889779922 347179130 2720860095 301065568 2675413758 221128 208838833 2394794926 772542 50349473 144257313 87768604 362998289 281233 17843908
8192 40 2865298839447 971825533 577587635 1014568437 396895050 2994316011 333067054 2956389338 243853 234400855 2629949716 875760 68974995 163076067 106213582 472151949 258443 19437440
8192 44 3286324835594 1132537948 674946220 1121239991 439841811 3279042880 361326102 3249301635 272495 263838924 2880752415 990121 80257932 181562266 119833100 567642434 242806 19935188
8192 48 3743437039705 1307855103 776956159 1235356783 483753698 3558906118 389438355 3539828503 306821 292528000 3127546119 1066662 91780054 196056562 132196008 670728750 258830 19117644
8192 52 4241209312464 1483497470 879476064 1307737708 515315476 3842821797 390625322 3862618778 330010 323712105 3410871555 1218942 100606100 186849300 143064922 775772983 221427 18588197
8192 56 4761148673046 1662146410 981646540 1416025017 555145367 4116142621 418969654 4146083794 375526 350562726 3653126149 1370407 111956994 209988838 152768943 884634186 178253 17199962
8192 60 5326860105792 1844227617 1089922380 1516249968 593753331 4405772915 448751610 4438255026 441415 376984559 3906240987 1592371 123660576 223071479 163375466 999085343 132886 16318136
8192 64 5920714477146 2025754139 1193915240 1580550591 618889323 4684613591 440590688 4763341356 483632 403704834 4191610908 2130352 133817537 212682874 171292156 1112089430 92401 15713029
16384 1 47195481055 7826370 373311 15079769 317197 71198993 66521 77957878 10713 5969924 71036562 36880 299411 12891 18160 17773 88 27704
16384 4 203610632345 45522970 19718104 68101085 24584051 306091663 20519312 312491634 15936 23401656 281102458 41578 3286260 1131575 6688507 10174453 2941 980888
16384 8 421558819278 94647605 41054702 143343447 58327049 595194931 34350976 614076156 36579 46497424 557751252 91300 5792653 4721057 13994604 26859348 10436 1690383
16384 12 648631488728 151956084 67151770 231325687 89329069 878242477 39196520 919047633 56482 69777022 833944331 153136 6123660 6878949 19614568 51375880 29084 2540850
16384 16 894604694381 228736448 110918235 326789963 127763975 1175716866 67846177 1215439500 78107 92385514 1101750514 218748 10496910 16764355 30319499 86047890 57334 4122315
16384 20 1140448488100 303662178 148950923 414051701 159505684 1474502748 86541917 1520394040 97637 115404800 1377103524 313316 13049109 21453215 38304352 125176010 101205 5292725
16384 24 1406930132523 399065712 205358437 514527796 200122234 1783388109 128350193 1814684702 121230 137649305 1638512168 425577 17134713 36162920 49539692 176989776 155534 7340568
16384 28 1676851772060 503415043 265513224 608205874 244626231 2096875895 159781334 2127270777 149932 161639486 1917005575 534111 19603436 38482881 64118474 235773726 239990 8631158
16384 32 1958636149730 610723597 327261418 702865828 280301310 2402333366 181571893 2436182664 171716 185233425 2193858799 620852 21842971 39306660 74622273 300144799 317052 10429782
16384 36 2380803151662 758558566 420080626 810294290 327725409 2691172202 224398826 2719449337 201186 207977964 2438851193 737457 31402506 61390493 91079441 384800364 277522 11432529
16384 40 2790540406770 892097455 499210010 894626441 360198391 2977679230 240012725 3020803629 238985 231606620 2704694067 831310 36104435 69688418 102428535 469245816 258880 11712170
16384 44 3225907833076 1040245541 584736485 987110304 399112733 3272335578 286020538 3300003530 269587 255458039 2950884771 867823 43928026 95971860 115032820 563379544 243779 11349082
16384 48 3684644928987 1203669374 682393036 1078868383 433425277 3541230277 294436221 3594402483 302651 280429206 3208549191 1021684 52190616 102984578 125292770 666900689 269650 11809934
16384 52 4200898111187 1378711080 784346461 1159787990 469241301 3839146018 300849627 3916915754 340895 304697574 3493158791 1178358 57130236 89957304 138372075 782753885 223702 11317828
16384 56 4734408215319 1546838713 878877612 1249036016 505334054 4114889745 326539142 4202984862 368731 328942256 3743929724 1334114 63201634 111182924 147648087 895155111 180524 10660287
16384 60 5352858024237 1738586789 994403652 1337832214 546124428 4412546310 351153651 4510995704 399758 353223650 4011662654 1586606 71861395 113776692 160876994 1021967333 119847 10226235
16384 64 5964211501571 1918539939 1089426406 1410713478 576596094 4705431720 362055785 4823981723 469910 373694417 4293254536 2116083 78588372 110108463 169053436 1142201523 81079 9656258
32768 1 46929730359 6853738 429719 14025644 347948 69769383 69363 76931511 5980 5994310 69906733 43061 300059 11186 47708 41776 42 22241
32768 4 203195544738 44357098 18889709 67086241 24948087 302742477 20982581 307719723 18729 22948589 277166246 42730 3559726 1170838 6699127 9717900 2218 862228
32768 8 420538278434 95965223 43383523 146953188 64852321 599492940 43974350 606245292 37844 44928486 549931858 88551 4849949 5225258 15696143 27115952 12502 1524488
32768 12 648066702856 150822516 67039112 233399591 93761633 868811193 38561455 907780287 52016 67658629 827226622 154643 5998994 5387267 19745886 52604300 29980 2041838
32768 16 888135589070 222464988 104898886 321829922 128140446 1165192079 60886392 1208308446 82546 89820763 1098188609 216675 8293634 10357377 29722035 87228732 56196 3023824
32768 20 1135413718476 302616134 148364898 405363550 158911369 1454448059 72611578 1511320409 93990 112194191 1371549613 292737 10342800 12562353 39478315 129556237 102112 4210170
32768 24 1394988257990 388755131 195606181 492938368 195480582 1757497747 103687540 1813041220 121780 135017669 1641627017 391118 12874178 20042900 48926456 179697529 154222 5064303
32768 28 1665009481778 492397576 255793623 576016139 235111940 2066714445 137369895 2115607147 145065 158525926 1911504662 503811 14724499 27009829 63059847 240179508 235630 6358237
32768 32 1953570351230 597810708 315071008 663371484 275281241 2385472682 171855676 2426505186 171982 181078129 2190570643 545882 16961010 26364176 73267460 305992335 314982 7640725
32768 36 2376807603486 735037498 396759084 771993969 311831895 2669754780 188321792 2727138813 201289 203670445 2452110720 731857 22257209 33865720 88157617 389176799 267932 8262808
32768 40 2790779482344 859606240 468325082 852312009 348357230 2972590326 244511536 2999691416 232619 225273947 2696865352 770859 26961911 63909157 98915333 473230205 241660 8131779
32768 44 3217505792563 1001506234 549842759 929208957 381268266 3262185044 253363460 3313173583 253392 249766821 2974626621 920845 29410761 59812618 111396094 564818349 240317 7751399
32768 48 3666256639209 1149303571 634076709 1006611035 414620748 3558748556 274905841 3618939296 283528 273498581 3243913307 956628 32560127 64540484 123600074 662908405 243012 7413061
32768 52 4173945527208 1302370528 717786026 1085579451 443609463 3831391690 272309112 3921336298 308659 295087442 3516674910 1151363 36379841 61546853 129748750 769388023 214690 7255575
32768 56 4740762985737 1472596505 820463779 1166365504 479362640 4110722108 302184328 4203519253 364458 313989329 3763919223 1332528 44074294 87869534 143296319 887337101 167895 7143926
32768 60 5359296858572 1663244742 932134984 1254794361 521510647 4410769143 320228444 4515508835 402055 334513237 4040939475 1527439 48278194 83138048 156592741 1014694643 115669 6728300
32768 64 5992896672430 1831214552 1028362874 1320959766 553528204 4709540151 329873926 4836605108 466805 358243453 4327468398 2103246 51769370 68537724 165809224 1133576312 74931 6399975
65536 1 46899635981 6773315 325340 14680129 236227 69420326 61208 76097144 11944 5846755 69475547 36172 249460 9311 11295 18438 32 44312
65536 4 204128774473 45079523 19473636 69318036 25708711 301584358 25341316 302158431 18549 22729533 271779331 54610 4001388 4704392 6863556 9699384 3131 966964
65536 8 421510093028 95379984 42521320 148786723 64096728 592977775 39875536 603989189 35530 44727145 547829977 92509 5064524 3943999 15309505 27180947 11904 1488814
65536 12 647762252287 148801764 65871281 232300785 92716622 865614738 37530890 904479282 57729 66556023 823900164 147642 5705407 4726486 20025024 52817694 29303 1896910
65536 16 884259196081 218179785 102569000 317771129 126235407 1157434258 55389873 1202195359 74118 87584822 1095287760 206899 7773934 9847346 29840454 86951440 58104 2615894
65536 20 1131430665332 295571769 143189958 400434764 161073409 1460263888 82588351 1504396107 100561 110032119 1369362683 310859 9298555 12315184 39001000 129399300 102553 3546338
65536 24 1392107654769 385687181 193822972 483875514 194678172 1755749203 101000612 1807748633 111876 131979761 1638469360 420237 11031293 14646942 49624824 180934929 152513 4502768
65536 28 1664338845124 491099521 252560417 570650143 234065961 2058514250 127792744 2112166376 140590 155054922 1912051894 468666 13182759 17327902 61396141 245279065 235709 5628758
65536 32 1955473477477 602626649 318250661 655259426 275388916 2366995226 160927664 2418518313 165012 179785972 2181348869 592965 14669379 20088287 74873762 313017914 313623 6757799
65536 36 2372127567996 728010097 392095575 750621300 314848677 2676046480 209729937 2707973609 204666 200777338 2436942774 668235 19144891 41140519 91214914 392717603 265783 6492537
65536 40 2785361484412 852346021 461326111 829368014 343182062 2959156966 226975179 3000794674 216678 223616731 2700055766 794033 21124694 49161739 99849063 473609978 237246 6490607
65536 44 3215580457680 989041436 536999334 915163713 378197872 3243127649 239663330 3302274383 256522 244970980 2968063711 883930 23277278 55674764 110132647 569689012 235132 5996798
65536 48 3659640605816 1121659392 613460312 979054149 406686598 3545187470 282412736 3587506677 279670 265177681 3221960247 1026472 27061847 75298462 120043019 660170215 235978 5924224
65536 52 4177812368611 1268526907 694500887 1053340137 430867202 3815475352 278305987 3890659805 305057 285091464 3494893869 1132882 28881761 78412315 128201447 763354911 204310 5660828
65536 56 4749868122100 1439362176 794609198 1136043520 470142911 4108406686 289117273 4203988278 339583 307001704 3775432211 1263662 32386474 71906083 141329543 879881595 169200 5271879
65536 60 5350280338088 1613336646 895443172 1207717654 508272348 4405451515 305453176 4510330541 384943 324387010 4050742513 1511151 36316552 72370384 151619487 1004441188 120098 5041290
65536 64 5990484373190 1772712452 989524712 1275554446 533854677 4690537284 302043529 4828582518 475332 345286349 4336087103 2083220 39455796 59950820 159311754 1120687173 76327 4699203
131072 1 46947145191 7472337 407324 15239580 377887 69428916 56438 75456423 16964 5821251 69347587 32765 197304 8119 25799 25145 8 12572
131072 4 204766266249 45199537 19467864 70709044 25705916 304221434 25604882 304648750 20876 23411267 273469370 42567 3545017 4016861 7146769 9843543 3005 824781
131072 8 423755661845 97867688 45276106 152309825 67777547 603230149 51370483 602764498 37825 44644525 545870042 102086 5534983 7867821 16385496 27931253 12861 1467433
131072 12 651966391130 153654103 70054458 238277842 94087887 868199139 39485551 904625453 48835 66128534 824451294 154150 7633335 6878733 21171723 55017428 31086 1963347
131072 16 899366773557 232079687 113699301 333732655 129487942 1155684936 61516899 1194625381 69672 86808141 1086484292 226792 11649645 16609194 30371887 93426796 54908 3403878
131072 20 1137811006256 304092823 149880936 405110617 162818928 1455763820 76783721 1506036939 97851 109560031 1369577299 325244 10534256 13384550 40614420 135394765 104260 3190070
131072 24 1406922330916 397380279 201938328 495575387 201316587 1763396927 112652446 1804891967 115533 131780476 1635723030 366104 13795499 17758144 51175427 188950302 157382 4570617
131072 28 1679313740062 495531453 258797126 578378952 238943170 2062762038 132856572 2111574103 137786 153685826 1910221882 509585 15381987 18894873 62685575 249828937 239346 5436087
131072 32 1969239082839 602596701 318263443 654884696 272776011 2354602482 155366834 2410582877 175419 177681231 2176144608 574853 15786789 27507243 72895044 317044333 311062 6393576
131072 36 2395308175554 739890174 399444624 760515863 317161562 2667915692 207128245 2702223294 185931 201979484 2433052922 731435 20927980 40955048 88986760 402902016 266692 6539124
131072 40 2793466781280 844920584 454732704 820729925 341518784 2956585371 224769122 2997949274 218299 219387646 2700476909 758202 21110829 51513017 97269329 480055114 245740 5538132
131072 44 3236299915234 1002094534 545404571 921837125 382969092 3252324632 256452124 3294017116 237045 245043743 2960801556 909662 23902121 61147065 112461075 581432008 243012 5400740
131072 48 3669929482854 1119307338 605771238 969294397 397705790 3503631700 248908602 3578760968 277760 263912138 3219533690 990460 26338829 77708832 114111197 670450999 240623 5151360
131072 52 4184375072683 1268895243 693544646 1045218807 435127616 3824663274 271313610 3907282159 296164 285693353 3510040517 1111368 27223282 60634961 130515982 773766021 203551 4553069
131072 56 4767773030472 1436241186 789931916 1118458334 474290388 4127402496 299620476 4210717228 365546 305768420 3783308038 1269587 29650767 64111238 142031076 887257306 170644 4336663
131072 60 5377275311803 1608082120 892894784 1205209611 510554842 4414795554 295817490 4529351955 402223 325207958 4069526618 1494485 32969947 50109460 152927948 1011671897 117485 4178988
131072 64 6010538265685 1765073460 980417881 1266655493 537514138 4710503533 311057326 4833845465 457083 342716549 4345777512 2097227 35700562 53218579 159745670 1120661256 66380 3792810
262144 1 46954212691 6777232 415971 14776941 269339 69322828 398804 74912572 23108 5796217 68815224 27401 166218 382442 13425 21803 11 14792
262144 4 203531713240 44630139 18336424 68386302 25967953 303074636 22576965 306331602 18030 23401693 275291671 40591 2995544 1011376 7065052 9553948 3135 745610
262144 8 421372948059 96585389 43179026 149560820 65039502 597059702 44655368 604126421 36793 45301976 546501594 91355 5106250 3892159 15583278 27387426 11892 1418903
262144 12 649243156580 151375041 67087376 237701103 94334850 865560670 39165913 902486249 52638 67131357 821895172 146950 6790642 5786728 20427450 53943994 31184 1861751
262144 16 888459024050 223552485 106072981 320865482 127655116 1156649890 55432953 1203410563 76301 88468191 1093681640 201964 8895678 8173788 30445995 89797056 55132 2426311
262144 20 1134692581751 302987893 146638776 400265938 159678711 1451964108 74022088 1505815760 98826 111014115 1367253868 324822 9618805 8962786 40315728 134020947 103052 3064702
262144 24 1396030492987 390603784 195211319 480661992 194678080 1751385413 99482504 1807257949 119548 132011050 1639173562 411475 11541076 12977889 50678846 185794633 155733 3997532
262144 28 1671081167331 498054606 257999690 564265057 238535248 2070539559 135973674 2117519704 139779 155918734 1914295007 429137 13165405 13462966 65797774 249808693 238903 4903541
262144 32 1961196424073 601990430 315097993 645469943 273203194 2367771152 158595809 2418687366 172264 178803728 2184218074 603096 14965298 17937923 73354242 319522737 313417 5775153
262144 36 2371662833052 714941497 378946954 741172322 308841500 2664301380 181999666 2718185849 203608 198283221 2455072467 621586 17426199 23822417 84631577 396822045 263252 5054490
262144 40 2783539058438 841904113 451859534 817920920 342307440 2955682635 209187758 3008731052 222063 217556074 2713266210 708099 19308638 39701276 98157694 485019043 232426 4909186
262144 44 3220423562593 975117627 527107908 888820204 373916872 3266990389 263723222 3293906897 250599 240181722 2967771058 821374 21835362 57061897 109569097 575338915 230280 4863576
262144 48 3669905175039 1102576643 593210140 959720469 394913031 3522939129 244745755 3600352642 302844 263766720 3239018562 972048 22498454 57751468 116149178 666418740 238577 4321216
262144 52 4176761264283 1253359512 680259967 1031602602 433337716 3829594574 264202605 3914620993 294217 283510806 3524589351 1104820 23557043 49873192 129266732 772388364 210080 3777539
262144 56 4732600436844 1404856197 764743203 1102929061 465820155 4125725710 286243266 4216466493 353079 301977205 3792595824 1241319 25134263 57546650 139502413 876841501 160667 3733396
262144 60 5351929033639 1575870762 865669988 1185933807 498773019 4406731650 290185041 4521359065 388401 321166640 4066527554 1471687 28183717 56570107 148938411 998263078 118237 3446234
262144 64 5992701266851 1737652816 957887221 1251057915 530671024 4712417811 306955447 4835755964 468622 338924237 4350528189 2026686 31804420 46629675 156605723 1114377387 79947 3160550
524288 1 46931704096 7797985 390188 14037507 274240 69044828 39211 75131240 18097 5875901 69009711 30271 303646 8319 29048 29196 22 25374
524288 4 203663993232 44457481 18831779 67838680 24183954 301647120 23319554 304163744 17783 23154210 273181225 48747 3088642 2043903 6872558 9466337 2611 801686
524288 8 419941045475 95247334 41567615 148785332 64148041 595891954 43429258 604427557 34773 45038472 547023412 102948 5041245 3896858 15266912 27036364 11296 1266929
524288 12 648100478365 149986241 65455264 232926577 89636694 854888790 31403278 900500189 53688 67032367 819966640 184360 6188977 4620205 19163117 53231047 28988 1576757
524288 16 884982402438 219758665 102724529 319441174 129516222 1158825324 58014346 1201246141 77915 87727913 1092390271 217738 8021782 8264550 30101428 89350848 59095 2223532
524288 20 1132515012155 296738456 142014988 402371173 160151501 1451346602 74164191 1504217237 90509 109599966 1366629003 316491 9612446 9407203 38123191 131601387 102548 2872855
524288 24 1393411493914 388546728 193624186 480354508 196941758 1758703910 107402490 1803820450 117401 131849160 1635992427 375646 9789309 14173613 50873461 185291591 156065 3720128
524288 28 1669063145920 499533747 259645181 567537207 243073258 2070533354 142086139 2110751990 142654 155163512 1908465581 537194 11822801 15648038 67096336 251186797 236999 4844425
524288 32 1956060520914 596670304 314139911 640445040 273161685 2370040198 161664380 2416341132 174966 176826580 2182011620 526436 13328214 18085130 75511894 315844073 311426 5610471
524288 36 2370636580533 714654425 381086956 734052894 307732274 2663619012 178376897 2719873163 203664 195795709 2456852692 589511 15340590 22662369 87836754 398520339 264600 4907797
524288 40 2790050702618 847287618 456424794 813389889 344099644 2971374916 228797665 3004066220 214506 216591854 2709642388 768471 18447660 42638406 102386368 487773823 233345 4688121
524288 44 3211370918688 961475106 518191014 884304580 368215037 3240748014 232404481 3296446345 255159 237219782 2971892858 808412 19524741 54165131 107849947 571409626 229968 4319263
524288 48 3664032132461 1102937874 594562498 959237926 395996405 3527211347 252619526 3596184228 278197 262008642 3237119325 953304 20736293 58480694 116093650 671632615 240754 4166595
524288 52 4176546618360 1248127253 675960230 1025172528 430011010 3828144512 273083459 3901264043 319378 280512582 3513211038 1140781 22525643 59713482 127761428 774386937 202500 3635588
524288 56 4730404959413 1390952039 757847323 1095370330 456753702 4106226880 268288278 4211907718 348446 299866665 3794572179 1291744 23520461 56958180 135551720 873678931 166730 3404110
524288 60 5331857179495 1559131432 849804911 1163454320 490978089 4410819950 289026480 4523455566 390413 317381475 4072517073 1485863 25440482 56101931 147063254 991312917 118614 3082395
524288 64 5985641516133 1736628428 950920516 1248537613 528829612 4703366306 296278259 4834398990 468905 337658719 4353401441 2063997 29197020 45935643 156428161 1113425445 61889 2866152
1048576 1 46826030158 6810104 326016 13842670 262146 69160015 67131 75010883 16935 5651712 68908797 28971 125100 7756 20541 21044 7 10701
1048576 4 202541566388 42335185 17261556 67116895 24621575 301868491 21674356 305305802 17950 22730608 275018176 37169 2223745 669669 6767640 9182209 2860 555902
1048576 8 419563413459 92690772 40010740 149032236 64148938 594389431 41382137 602785264 37970 44253187 547224101 101479 4592731 3334453 14627046 26725387 12547 1211985
1048576 12 646496524521 147633043 64413338 234316182 89826568 857970248 38963771 893821754 52477 65586747 815605519 177100 6460080 10425182 18904800 53132217 31802 1578206
1048576 16 884144259930 216013730 99700387 320108168 127379100 1155146268 54837284 1200533597 72240 87366321 1092870686 228418 7031676 8754606 28319676 88244425 55662 2005286
1048576 20 1128851196260 292632365 139834186 398753110 154479175 1440213365 68521895 1497901683 90122 109005718 1362394750 280933 9121300 13420227 37114444 131010816 98619 2689085
1048576 24 1390264476043 385583182 192956013 479469274 195487760 1752965153 103876568 1801848330 126055 130525043 1634492797 411104 10618928 16301959 50955434 184480921 154172 3537953
1048576 28 1664351532730 494552674 257316176 562946842 239904903 2069326127 137953974 2112608470 132571 153918813 1910972406 448426 11299280 14917074 67190280 248532762 237248 4572008
1048576 32 1956685956143 598218632 315576337 640502118 271611184 2361038987 155505419 2413215182 162859 175094333 2180429876 561508 12329034 20721178 77184627 318032460 306374 5462404
1048576 36 2362677308278 707778620 376911662 729347940 304029870 2662808986 189176627 2705174980 198770 194348267 2443949508 637706 14749455 33827205 86710156 394749333 255441 4808272
1048576 40 2790134609243 838614542 448753457 810567063 343411248 2977341508 232906753 3003440086 233932 214809442 2711355371 800486 16454701 40244793 100771334 484087388 227617 4619552
1048576 44 3205164791844 965197952 515573609 879437391 369259644 3253772491 247708029 3292599313 265620 236365846 2972429390 908478 18473617 52788628 108478249 579399524 226187 4214526
1048576 48 3655743427436 1093480530 593490505 947308421 396454877 3540684713 258522251 3600334002 284568 258699819 3244008690 1020809 18719098 54940053 119199725 668239532 238374 3886420
1048576 52 4171954502560 1236315024 666512850 1020331376 426699767 3826227292 275309354 3894281853 332763 278186106 3510386631 1180027 21326279 63795375 126549510 768400760 200430 3574274
1048576 56 4729936608735 1384639809 753517399 1088661939 454599431 4116687874 282508718 4203251168 368299 296690134 3788471291 1384255 22493470 61778623 135220874 875139286 172064 3310559
1048576 60 5344833998492 1559837435 861458382 1170235395 492438530 4402615866 297949312 4501484582 415268 314444326 4056339167 1531238 25539109 70205500 147771981 993180123 112617 3132878
1048576 64 5978409163179 1720320841 942284963 1223544864 521356970 4711208889 301786919 4835943923 451181 334462908 4356376508 2113035 27373334 43771123 157013788 1107293510 79260 2761598
2097152 1 46844068043 6983871 343369 13834093 525485 69030885 46342 74723684 21832 5762472 68802514 27280 138836 8115 20561 32641 18 4746
2097152 4 202410404409 42258891 17154411 67381840 24204443 301721639 23103589 303628312 17447 22183950 273043082 43265 2673283 2247153 6788820 9070962 3024 586076
2097152 8 419962744743 94254337 41466052 150742337 65133449 598064495 47878852 600875217 37047 44133838 544653876 117133 4410476 6116285 15448623 27466142 13101 1151479
2097152 12 645361150058 146719011 63717514 232253476 86940779 854497918 28382870 900327617 47789 65690740 821170670 192781 5589518 5073464 18829221 52684543 27998 1574671
2097152 16 884553105808 216588258 100720260 319491080 126890517 1156085199 54623752 1200932423 69304 86788769 1093505344 227854 7225219 7366226 29518085 88194623 59162 2090766
2097152 20 1130245008308 295376994 141899533 400532471 156795509 1446441391 66569708 1506171167 85102 108634964 1369535119 297123 7449680 6872302 39074247 132075714 103227 2711320
2097152 24 1390484523006 380119264 188856962 479486340 192698058 1755873788 106937533 1799904017 115726 130199006 1634154757 408793 10202008 18115800 49403058 182107170 156162 3522793
2097152 28 1661726710870 485157803 248020708 558560323 234097004 2067778508 135457409 2110637501 141315 153090099 1912728696 519504 10083126 13599543 62764315 246078757 236011 4528575
2097152 32 1957290698476 595408871 312680169 640154947 270845644 2364381578 157357587 2413480455 162830 175441143 2181707856 614172 11741437 18893452 74422232 316416706 308832 5420503
2097152 36 2370218422797 711147389 377281044 730017228 309982089 2679851384 195134529 2715673163 220051 194408840 2455532168 692444 14034246 23636022 88182797 396744794 260950 4803786
2097152 40 2774436057015 828813591 441502782 801725474 336762414 2963872137 214485941 3007569395 222906 214306570 2718329516 775407 14877128 34947959 97234982 481452186 229947 4370416
2097152 44 3206949068058 961451975 513390516 879989974 365445095 3245180818 244984823 3286995902 277319 234463740 2965111736 917100 17656181 60097518 107839310 577554444 226006 4121604
2097152 48 3658566075088 1096040359 588801005 952172536 398793774 3535924750 253277486 3598813145 284283 258459876 3244307545 1021208 17740550 54424534 119527774 676315948 238959 3706061
2097152 52 4179844580261 1230477509 665757884 1017554243 424070610 3821694081 295884322 3865190841 308893 275569778 3485552703 1152776 21546157 87616432 125430321 770043625 193668 3467504
2097152 56 4725389778147 1391064907 754524245 1096954252 458159143 4117734911 277654116 4211158512 384025 297018775 3794649085 1346909 20773018 53192706 136022992 881983369 165762 3139470
2097152 60 5338836935610 1548421103 845882180 1159134139 491245346 4421870054 297760654 4518793412 459367 312733980 4073737730 1510354 22965338 54766036 147943884 992533301 114593 2845092
2097152 64 5977037622333 1704997736 932949260 1221737203 516656960 4697096556 286020853 4830899490 457074 330718287 4357616944 2186651 25616017 45261029 153221059 1101815829 65070 2626987
4194304 1 46826777750 7177904 389938 13813745 317981 68951648 47742 74828579 17877 5660286 68827119 33246 173503 7756 17457 22827 14 11029
4194304 4 202142070845 41560183 16887354 66649048 23948747 302018430 21557034 305093163 16252 22447847 275232744 39308 2754330 630473 6581782 8988256 2898 555284
4194304 8 419523822566 91428974 39373344 149116981 63555572 594584265 41449238 603300839 34722 44304551 548186979 95972 4850215 2269373 14548114 26728553 11571 1082074
4194304 12 646272168702 146538791 63709863 232033706 90364664 855837062 31280198 899507212 51211 65544917 821024931 152097 5452583 4159999 18821502 53090654 29852 1493683
4194304 16 883542985349 214579588 98580123 318317165 121688573 1145417703 43670629 1201777320 82562 86659078 1094377454 226572 6154881 6155367 28442208 87595694 56095 2078750
4194304 20 1130247994014 293569957 140173469 402294585 159855043 1455103657 75125859 1504854566 100466 108993593 1368865687 286260 7288843 7910966 39239445 130114617 104655 2722274
4194304 24 1390655595342 387280856 193979937 479837690 195682591 1753086814 99709030 1805750862 109340 130373859 1638705649 366561 8609096 12466661 52388647 186382660 153075 3462030
4194304 28 1658846310449 476396172 241364572 555879961 229081441 2050508473 119814278 2110041521 133971 152330811 1912523995 457975 9787245 13799074 60287357 242332912 235427 4198545
4194304 32 1955657026973 601686265 318449280 642732936 276304528 2370942788 163082231 2414320511 176582 174867445 2181796116 615446 11877300 18442792 78289853 321148518 310776 5308027
4194304 36 2374247940427 716078170 380975957 740024106 313100315 2674368881 192125334 2712933360 183530 193772563 2453688832 688026 13192982 23312954 88879765 401768507 260362 4782310
4194304 40 2780254096454 828291643 438429920 802607591 334658849 2956999637 211484889 3001379777 217106 212860193 2713343798 784120 14317406 39784365 96174022 485513359 221901 4344043
4194304 44 3202136145315 949609509 507898767 876707166 366244911 3253675341 257865502 3283067891 253336 233936452 2962917181 835906 16712323 62832382 108109296 570206693 221056 4159243
4194304 48 3658964056870 1085770570 576359721 949238415 392926045 3534023434 256852049 3592791571 295885 257536605 3240974651 1002586 17924552 57499513 114061492 668620050 237341 3748499
4194304 52 4174995805731 1237777427 670321767 1025580065 429416650 3832572914 266649555 3909730502 334386 276141378 3524095608 1065059 18378516 51088216 128721501 774594536 194930 3484352
4194304 56 4730079473548 1380791111 742058370 1094563370 460770731 4124717294 288829301 4203151235 362149 294579008 3791156048 1311142 19960480 60603566 135416125 882122310 160088 2995696
4194304 60 5329044658586 1531306911 832951335 1158920925 488772663 4415495877 286490256 4521580831 439028 311144824 4080021228 1491709 20382534 51417076 145364075 990147092 116219 2633521
4194304 64 5956184620229 1686620614 920166276 1210525867 516526093 4721907909 298768793 4843136558 471715 329330390 4372325174 2138389 20709678 34920654 155157297 1096228285 71909 2383017
8388608 1 46817501802 6785932 319433 13841700 351755 69151318 73908 74890579 21667 5755356 68832982 25104 109522 7333 14196 22765 16 15418
8388608 4 202353551353 41988402 17361547 66225642 24234008 301644590 21750616 304357258 18900 22362488 274533920 49700 2693746 789067 6669439 9013886 2431 543003
8388608 8 419120013854 91600224 39889888 147170655 63915191 595357112 42735698 602451719 40282 43996428 546522584 118297 4348470 3639346 15030880 26912561 10469 874123
8388608 12 645675308530 146418716 63314929 234026464 94336653 859342816 33731410 900617698 54550 65023880 821765153 188997 5367000 3922980 19264824 53428722 30782 1437759
8388608 16 882932264325 214102109 98890487 317840954 122690779 1149744213 49474350 1200544055 73321 86794444 1094490799 229238 5766649 6840057 28167145 88145983 56792 1966184
8388608 20 1130375001134 295338028 143022047 401582427 157526240 1450200086 75433113 1499790826 92798 108177377 1364602044 311589 7645606 10942203 39642024 132522579 101713 2707598
8388608 24 1390050650779 386039320 193101736 478013672 196745189 1756515463 107574292 1799850707 116182 129817718 1633418244 412006 8900158 16962413 51558008 184603412 152028 3694941
8388608 28 1663074227512 488191506 252498977 561750602 237755898 2073143277 138197098 2115333152 128417 152695175 1915977375 475404 9785808 12028221 65881752 247258203 235132 4420016
8388608 32 1951898830301 593081487 311321540 637469366 269957513 2356458010 144864507 2418364912 166094 174675394 2186839233 565771 10149175 14456395 75427618 315576072 307418 5191483
8388608 36 2369241935926 709889840 377769573 728041253 309163025 2674406758 209322632 2694256052 188641 192176317 2435868180 676939 13580816 42308594 87660272 397182761 253556 4938728
8388608 40 2772342636441 815615732 429822230 797536101 330617076 2955969286 206072407 3005510840 199710 213286119 2719751260 759118 12879831 31794862 92997004 476703200 223632 4210639
8388608 44 3208382292220 957637730 511219684 873546831 370321720 3263583299 251602949 3292340868 250392 233777289 2974469979 787159 15355123 49673741 108622098 575026157 227736 4051414
8388608 48 3654796128849 1080120260 573995189 944760246 388300472 3531462108 230691790 3619158534 266504 259245929 3265792564 1015636 15797092 33967502 114391098 666079690 240476 3440991
8388608 52 4178424239724 1233290526 661607707 1016443505 426297904 3827866220 266379469 3904552055 317832 276628378 3521353145 1111610 17221482 53179774 127471044 774304669 198636 3220559
8388608 56 4744827201670 1396614911 752835571 1105390409 465377851 4138129420 295456380 4211834429 356483 295471746 3797501834 1273695 18779796 49635395 140078266 886280628 167944 2929592
8388608 60 5341373391438 1541547341 836957673 1158732140 490825026 4425326424 289651209 4528842062 403657 310969116 4085802399 1478512 19360351 43799154 147845199 991565905 122953 2737611
8388608 64 5966782493670 1689212925 917470320 1205113313 515286743 4736536604 307295586 4847729726 464193 328405101 4376616306 2100113 19181816 34093557 154562823 1098196725 78837 2165498
16777216 1 46802326524 6823695 338202 13807899 447434 69078310 46789 74761753 27688 5699284 68890656 21752 106014 7578 20407 30184 21 1384
16777216 4 202872082701 43025191 17816807 67757742 23720242 302455871 24119193 303020894 19410 22466556 272728593 48426 3117031 2756328 6831605 9265887 2595 686155
16777216 8 419408044682 92810619 40250029 148953075 65527825 595983059 43529253 603121138 35684 44401654 546728282 100264 4791469 3236373 15125964 26711423 11504 1009644
16777216 12 646537760164 147144244 63949083 234640908 92563833 857914002 33470416 899415132 54022 64817777 820244551 208679 5316419 4305620 19014605 53545331 30646 1600430
16777216 16 884328791715 215793103 100052104 318791741 126433840 1154880988 54269625 1199801593 73523 86473736 1093410332 230548 6973932 7309091 28979901 88437088 57012 2066642
16777216 20 1129680616865 297462170 143646093 401327704 160398745 1453355208 75080537 1503493684 84256 107898887 1366894184 309141 5890259 8455760 40023566 133259141 102461 2768034
16777216 24 1389630161543 385524004 192584085 478620703 197712285 1759810438 109784455 1798855486 109276 129119079 1634136933 355961 8537043 15432995 51379880 184707302 151700 3732591
16777216 28 1660185058219 481118784 245691396 558523507 231035267 2053900013 119267855 2113806800 129944 153123644 1915191019 469477 8888466 11118056 62447796 243956565 232590 4436757
16777216 32 1950847625797 591417355 310048830 635025132 270134909 2363754607 153491608 2416376734 158565 174969726 2184920702 528712 10339045 14500689 75246820 315439680 307186 5128681
16777216 36 2366195764898 708053042 376691168 736029966 306247182 2665792754 199483942 2695682308 192975 191537032 2438219098 651656 14619941 38819227 85907646 398888837 267520 4974413
16777216 40 2781539264525 817118357 431600785 802167172 332978132 2955698805 215810776 2994277949 209112 211461772 2708002867 734386 14638537 43621940 93233761 477966359 228420 4227574
16777216 44 3204959810311 951228386 507245021 870952217 364823549 3251866577 243682086 3291952902 246264 233058680 2973542099 810109 14858861 51861506 106953994 571829019 226961 4120832
16777216 48 3656295138293 1090573942 583729704 948652095 392434221 3525585548 241021275 3599512676 268552 257012052 3247500520 985778 15978576 50898395 115729222 672959891 241848 3690371
16777216 52 4176750273916 1232821091 660410587 1017709587 422922362 3823935042 251144651 3915464876 305236 275464977 3531235694 1065736 17078591 44837439 125869366 775267993 212231 3270474
16777216 56 4724894677840 1387238142 751264863 1091323070 456871043 4119737804 278033856 4209631770 343914 294306333 3798626016 1281309 17665670 52968291 137505802 882174128 168219 2888561
16777216 60 5331448465794 1535615269 829549130 1152978280 487121722 4420617820 284161911 4527712314 409488 309483990 4086885920 1423033 18575850 44481463 145319368 991971457 128208 2656584
16777216 64 5968491714982 1694759467 921375442 1205786051 513727852 4727880560 299473896 4843249131 498150 326945652 4375133503 2009517 19359506 37044340 155109777 1095458410 86969 2268996
33554432 1 46856404763 6998500 419521 13707724 283952 68903172 1126428 73699740 12021 5539316 67755551 36073 270255 1060046 15097 22944 9 11117
33554432 4 203079587160 42865912 18143787 68009712 24683427 301652933 24549400 301993477 18143 22143806 271816714 49015 2826341 3374077 6763222 9176752 2718 724575
33554432 8 419625323944 92233794 39870476 148896820 64995144 594404980 41780350 602276199 36352 43800756 546275355 107376 4636267 3093117 14719742 26939139 11943 1084372
33554432 12 646360823695 147680247 64841340 233688904 91822372 858008740 33202611 899992525 55787 64382234 821135167 160827 5718499 4363012 19261867 53239900 30488 1591893
33554432 16 881908572022 213261752 97220169 316986460 122576806 1144774681 45852669 1196829312 71396 86255212 1092472886 263412 6505382 8098810 27496356 87806610 53754 2008122
33554432 20 1131096518036 296487952 142888612 400193286 159310526 1449388079 73799908 1501444842 93114 107699236 1366004931 272993 7239066 8304165 39898752 132455188 101486 2758640
33554432 24 1390495781233 382174005 190392282 478423705 193313129 1747916205 97192018 1800940986 115539 129345016 1635654789 348750 8154175 13542067 49990716 183374441 148653 3506016
33554432 28 1661930846994 478709462 243809341 556871859 233949146 2069382106 134954608 2111042247 139111 151833055 1914013741 494264 9730871 12321491 61251895 242171991 234635 4216946
33554432 32 1955430064446 598490208 316380349 642502386 279206907 2377065444 166928456 2416396696 160387 174028040 2183994720 600595 10852586 14558756 78676784 318091828 308876 5400389
33554432 36 2365816457077 705558999 375579208 726952844 307604552 2678946879 197640672 2710812720 182309 192881093 2451186707 628369 12335359 25959093 87794451 394148037 263311 4780831
33554432 40 2774976875676 820288088 436053529 796493616 335366274 2966191592 223374943 2998806791 207490 212124512 2711048370 748675 13748972 41197596 95830815 478204581 231728 4260315
33554432 44 3201551158347 944333482 502822246 869058505 358166925 3241899938 247270499 3278936291 238884 232640614 2962202592 852063 16006725 62692925 103437940 568995837 226305 4189061
33554432 48 3659602638865 1087738542 585288171 940521992 392202136 3535999569 249758802 3599421864 273258 256310763 3248509280 935679 16330736 50391126 115940196 668953883 249712 3693399
33554432 52 4177393639058 1237059099 667584324 1023704528 428170398 3834635163 285825117 3888641530 296949 274669461 3505613923 1103754 18202839 67787070 128646652 775162198 212334 3373372
33554432 56 4722925176724 1392680980 753590639 1091568277 457493344 4131067874 286927774 4210538693 344972 294202387 3796696603 1201614 17995544 53583236 138341238 882489707 178654 2972280
33554432 60 5332455716716 1542970800 840988483 1146582018 489684215 4423522057 285725781 4527719584 377757 309746700 4087638159 1432177 18656200 43483751 147668677 990561241 132114 2660330
33554432 64 5960337046602 1678969279 913692493 1200496707 510829746 4724073147 298058065 4840324051 459350 325561863 4370924705 2012088 19208897 38230495 153202010 1096373058 81256 2266093
67108864 1 47078146086 8102036 1225457 13920567 300492 68371183 864895 73666643 5326 5497481 67435906 36363 564647 832846 20178 19280 11 109879
67108864 4 202483623603 42512565 17845748 66805720 23751712 301115273 22178950 303621025 19834 21944562 273947014 43904 2300204 1485045 6790896 9048999 2962 703966
67108864 8 419318448321 91173225 39575208 148212674 65132162 595687259 43952414 600764798 38813 44095027 546342270 96025 4300405 3622997 14660680 26150624 12324 1187558
67108864 12 646122223830 147281304 64680746 234026147 94018120 859958862 35460900 899242461 49981 64707636 821371930 167302 5176213 3739954 19566342 53182554 31810 1520327
67108864 16 883825170024 212834849 97088929 321179172 125190706 1149254936 50649482 1198061434 70201 86086450 1092186250 235700 6265811 7888225 27112807 87418679 55702 2204512
67108864 20 1131057676661 296220612 142926387 402704290 159236809 1455223774 77065564 1505116952 86798 108419627 1367884636 318207 6998800 7870003 39050897 132855799 102337 2933986
67108864 24 1387789521511 380393687 189357528 475596184 194771005 1757922850 103231449 1804652871 123198 128786733 1638573866 338486 8761080 11502514 49799313 183178462 153719 3487627
67108864 28 1663588005868 485971379 249889603 563319238 236851608 2070184372 142964268 2104345420 130899 151690968 1907199429 466566 10038745 19428868 63358753 246862529 232542 4785718
67108864 32 1952503923378 586338658 305928440 642362204 268815281 2353342440 146014346 2412542627 163328 173697062 2183029172 623437 10944555 15011352 70716577 313623776 305242 5417871
67108864 36 2368467604835 703238241 372829615 726455769 302235597 2655011746 179387114 2705245374 190204 192297069 2448281153 670001 13060147 28536107 83974629 395605809 264900 4893824
67108864 40 2781827939412 838871475 450459502 800893452 338993548 2963152455 230841103 2987427873 222051 210890998 2700132725 729810 14900914 51828461 100466665 485535658 236682 4824453
67108864 44 3220051160934 957380940 514525286 874628085 367847870 3260221558 247255212 3296127941 247929 232975127 2976786567 816780 15926845 47632338 108073378 572822422 241656 4261896
67108864 48 3658829636386 1097361315 590577163 961909777 396132824 3520913163 231379383 3604260546 276529 258646293 3251082375 949218 15592915 44070944 115180210 674790461 269630 3739007
67108864 52 4173719711323 1238427669 667655183 1015946379 423837973 3823144932 263743644 3897553351 306987 274605504 3516213715 1076154 17745840 58685979 126943618 775628061 208284 3411089
67108864 56 4734784818002 1382751750 753071083 1087395773 455678472 4125506676 291820111 4198918530 351632 291567611 3789049782 1230468 18633300 64083109 136544550 878278718 187784 3166110
67108864 60 5344381320976 1541817713 842413882 1165021046 485888390 4411521766 295442877 4507279251 386308 308475546 4066967590 1376041 19399427 64619793 144253321 994373611 130585 2848617
67108864 64 5987386953152 1724094337 944819284 1268511030 532721917 4723347743 323473066 4821406303 476221 332266173 4345138360 2060833 24128060 51673836 156980168 1118268298 100284 2541287
134217728 1 46876603883 7426094 368775 13678690 263245 69181391 347180 74564252 5442 5999101 68533264 39525 308144 350815 20158 28458 12 38997
134217728 4 202700869780 43157931 18201341 66430754 23951040 300958834 20689987 305495302 17986 22492252 275145571 43478 3186348 497639 6812149 9122711 2466 694969
134217728 8 419855877376 92507251 40316449 148843151 63586716 595381518 42627485 603148486 34991 44814153 546911551 109930 4999387 3452145 14923556 26910893 11930 1143181
134217728 12 646215161737 148402570 65289794 234025157 93794570 857335344 37523809 895379390 50577 65678082 817014894 174881 5817083 7195409 19306942 53458590 33117 1675799
134217728 16 884855481067 216324642 99835330 318737984 126661028 1151298229 49881067 1202457562 71153 87067674 1095670575 225784 6889759 5520602 28523759 88271178 52340 2275530
134217728 20 1130273915602 296416618 142371582 403830035 157977604 1443797946 66013434 1505644249 93386 108663966 1369330493 323039 7509786 5722920 38900088 132458287 100443 2984856
134217728 24 1388937897602 381143477 189112599 474899566 194465188 1751702011 96812991 1804964026 112451 130256756 1639552454 414562 8661880 9678512 50252770 181446421 150954 3804471
134217728 28 1656818309137 475265145 240421483 553746630 229298905 2053908181 120831856 2113229038 135487 152358259 1915540512 482246 10102743 10257812 59285182 241397048 231717 4476591
134217728 32 1953772533607 591044005 309177181 635811108 267109528 2354994600 144951223 2415945257 158495 174672730 2184541303 577576 10771662 15593888 73957943 314957542 306155 5463638
134217728 36 2361203340806 710747429 377854845 724877752 309185020 2678779492 203766247 2704966788 190289 192718449 2446196207 642416 13271276 31223856 87280297 395872473 261902 5011379
134217728 40 2776881699636 832855553 443685016 801159424 336193206 2960269246 211941013 3004198310 216839 212819379 2716660359 722083 14620029 34852292 96860030 485797819 242935 4650441
134217728 44 3208563028295 958744518 513279406 871071076 362284250 3240110891 228083008 3297119094 245576 234204609 2977022849 856072 16177108 47284984 106771563 572876381 239403 4300725
134217728 48 3651420167134 1088204230 584683962 942181456 391815571 3531427506 241686636 3605868274 278739 256766216 3251314434 952405 16191855 47293907 115052159 668816129 262290 3871437
134217728 52 4177493056197 1237646613 668421671 1016499927 425146021 3838765145 284123443 3896736208 306634 276270939 3514149931 1131064 18055408 61320125 127707774 771108611 219570 3485647
134217728 56 4727913867689 1387110289 754895708 1086688722 449925258 4107959305 270697516 4203566468 334112 293423151 3792983146 1229823 17973824 55793086 134255756 882668177 201247 3119845
134217728 60 5340718955565 1542020534 847856552 1154125516 487514289 4421316870 295640091 4519183747 371135 310604617 4075835309 1351907 19418916 53686617 148211933 994146889 149601 2724001
134217728 64 5957392577260 1685843788 915023083 1202256082 509490401 4713900590 283588505 4849264167 418975 328132732 4380952330 2005612 17957221 31753382 153962325 1095070811 96718 2185479
268435456 1 46820731613 7203478 354224 13599215 257503 69042069 58542 74725197 16783 6052302 68640180 32477 331154 9214 19616 21227 12 3653
268435456 4 203747680091 44611267 19438109 68056078 24592487 300970351 23677598 302863567 18091 22767836 272142760 39187 3374324 2489691 7022252 9261037 3176 927283
268435456 8 418974415771 92499153 39754843 146851100 64742601 592129280 40047755 602691457 34807 45225904 547163489 82119 4570602 2273297 14578838 26397089 11554 1276253
268435456 12 645985712052 147358829 64769563 231163966 90396406 854354244 30410249 898851159 50287 65596328 819966176 158892 5780563 2947413 19132892 53095134 29000 1667579
268435456 16 883531962956 214796361 99124382 319170347 125294136 1149069372 48920988 1201343827 72120 87620234 1093809823 237725 7467504 5131012 27712580 86750181 58302 2295202
268435456 20 1131273870292 299882252 145957261 401886715 161716018 1450119189 75578773 1500591107 93653 108219139 1363259581 332042 8101186 10619292 40619852 133870263 103757 3337805
268435456 24 1390632556247 381423670 189322702 475558314 196216883 1752726733 103288339 1800500261 110811 129643387 1635706348 369503 8991367 13629636 49408794 182317205 151519 3795348
268435456 28 1656991322002 477058255 240931015 555308446 229546924 2053870142 121112782 2110761315 140347 151980082 1912856112 479574 9765102 12293936 59146222 243180338 230912 4516009
268435456 32 1953216633151 594785813 312191385 639672146 273734480 2369409902 159448439 2415795564 161272 174743324 2183317358 631199 11187459 14683421 75131264 315405881 308616 5531325
268435456 36 2364282180406 707033585 376130914 722468797 303607568 2662267538 184360668 2708543129 203355 193269465 2450028623 658296 12949965 27097965 87293960 395460453 261371 4980759
268435456 40 2771912331367 824717695 439166844 793783033 334059483 2961911068 222400750 2993831811 208627 211756065 2706310907 783313 14489661 44501242 96093359 478127932 240868 4697999
268435456 44 3207906008539 958029389 511629815 874224275 361374313 3239119697 226546330 3298998324 253265 234177893 2978183916 861028 15570068 44660938 106116647 571872188 242546 4261350
268435456 48 3649023011482 1089429383 585374523 944190385 393396684 3537100779 245653103 3608540387 274072 258282698 3253223893 966520 16115460 42746074 117175520 664305770 256731 3918837
268435456 52 4177122378278 1236313958 668639510 1012005468 423627653 3818615507 267222273 3892710748 309635 274247027 3510078815 1038068 18516698 63898128 126756147 773595421 220296 3546290
268435456 56 4728151849218 1382860985 750183157 1081904943 457552693 4129108089 289325555 4203663376 323778 293097660 3793375832 1256217 19021789 58284697 136827306 879323336 188716 3165693
268435456 60 5334953418414 1542172668 845549344 1142318230 487899492 4422460128 295232265 4518626947 389598 309273310 4078626547 1387646 19344664 51420796 147622550 989301903 146064 2850784
268435456 64 5960229250832 1676652097 914156510 1198155031 509106941 4705248708 281189191 4840734860 440621 327515374 4373261569 1981949 19040208 37698207 151636913 1095274238 89851 2386966
536870912 1 46943842558 6574554 366084 14191202 566840 68965720 36768 74931010 22801 6622583 68972293 27017 189433 29266 25435 36706 4 11332
536870912 4 202974007173 43526672 18141821 66721561 24294317 300478487 21077560 305200718 17350 22911320 274492895 43112 2730833 483019 6806764 9123185 2156 723866
536870912 8 419192956864 92822872 40425998 146931675 63819499 593386096 41884235 602017037 34159 44609505 546258319 98685 5158438 3308528 14441078 26111690 10650 1360454
536870912 12 646034628772 148136424 64578349 230677256 91251888 853828705 32163844 898458371 49547 66535568 818946115 169951 6091453 4357741 18961385 52128558 28507 1726137
536870912 16 884091810570 215793271 100403345 315943194 124734078 1147554056 49623842 1197917431 74471 86679422 1091970862 217815 7187836 6842851 28362986 87507289 55171 2302039
536870912 20 1129758007095 294764100 140786866 400222841 160043718 1453670528 76854379 1503659482 87813 109196166 1366873976 273959 7964822 7306836 38440381 130168385 103739 3013031
536870912 24 1388488098672 383221052 190484547 475109843 192005433 1742837453 91106325 1803711395 108561 129590215 1637560882 421721 8686285 10566036 49236838 184176156 147400 3734068
536870912 28 1662341778904 490254527 252866524 561737092 237657988 2060785157 125789202 2113372479 135018 152198652 1913772857 492895 9247115 9908764 65122822 248234709 231964 4766452
536870912 32 1947269019848 577996719 297762708 629393912 265669461 2361805482 152775943 2413575246 158280 175003256 2184221139 619505 10759861 14058034 69169036 307461116 305869 5172145
536870912 36 2364919131216 710179406 378271835 727330838 307850755 2669248722 190039929 2710607229 197362 193985560 2450603133 636367 12878544 25774474 88471600 396881574 263347 5084006
536870912 40 2776422538310 830905056 442010846 798686603 336969466 2956311352 206488095 3006716185 208594 213775157 2719249028 753750 13377815 30961176 96519987 482634310 244413 4581126
536870912 44 3214573904727 953029204 512820442 881583081 363082176 3230947643 228719959 3285630594 233494 233254731 2968102622 832790 16685350 54263142 104190443 571278719 243593 4581605
536870912 48 3666790568719 1095224982 588118905 946562337 391626171 3518192237 240942171 3593506003 284833 257397339 3239734349 960222 17030955 55150750 115291563 671153790 259042 4107253
536870912 52 4176203081894 1243289596 669065520 1010091689 423962400 3827523952 266207889 3902386236 319252 276427213 3520701061 1090153 17028340 51770994 126758663 774927257 231180 3515180
536870912 56 4718292102334 1390757203 758303939 1079284918 457858618 4121139092 288069616 4200398988 342745 293494217 3789504133 1240815 18997036 58745664 135987086 883376966 209737 3202146
536870912 60 5362157482615 1578022186 871184894 1195119418 506331302 4428136808 330128320 4494296591 364748 312788152 4048962338 1481378 24127533 69191061 150106134 1010491385 155034 3042906
536870912 64 5946106235930 1681029964 910429687 1193366577 509741843 4717945867 289943040 4843750762 423137 326526683 4375049723 2005549 18772895 33230230 152115023 1096106976 101423 2270945
