# size thread(s) cpu-cycles node-loads node-load-misses node-stores node-store-misses node-prefetches node-prefetch-misses offcore_response.all_demand_mlc_pref_reads.llc_miss.local_dram offcore_response.demand_code_rd.llc_miss.local_dram offcore_response.demand_data_rd.llc_miss.local_dram offcore_response.pf_l2_data_rd.llc_miss.local_dram offcore_response.demand_code_rd.llc_miss.remote_dram offcore_response.demand_data_rd.llc_miss.remote_dram offcore_response.pf_l2_data_rd.llc_miss.remote_dram offcore_response.demand_data_rd.llc_miss.remote_hit_forward offcore_response.demand_data_rd.llc_miss.remote_hitm mem_load_uops_llc_miss_retired.local_dram mem_load_uops_llc_miss_retired.remote_dram
4096 1 3558927 3366 2641 0 0 0 0 0 0 0 0 0 0 0 0 0 0 0
4096 4 5641547 4704 3797 0 0 0 0 0 0 0 0 0 0 0 0 0 0 0
4096 8 9130939 7058 5746 0 0 0 0 0 0 0 0 0 0 0 0 0 0 0
4096 12 12464230 9350 7611 0 0 0 0 0 0 0 0 0 0 0 0 0 0 0
4096 16 15372301 10911 8826 0 0 0 0 0 0 0 0 0 0 0 0 0 0 0
4096 20 18702383 12886 10428 0 0 0 0 0 0 0 0 0 0 0 0 0 0 0
4096 24 22304808 14754 11893 0 0 0 0 0 0 0 0 0 0 0 0 0 0 0
4096 28 25747550 16361 13601 6704 0 0 0 0 0 0 0 0 0 0 0 0 0 0
4096 32 28155515 17940 14484 0 0 0 0 0 0 0 0 0 0 0 0 0 0 0
4096 36 31302890 19167 15805 13718 0 0 0 0 0 0 0 0 0 0 0 0 0 0
4096 40 34124619 20362 16742 12773 0 0 0 0 0 0 0 0 0 0 0 0 0 0
4096 44 37506780 21952 17962 0 0 0 0 0 0 0 0 0 0 0 0 0 0 0
4096 48 41075194 23574 19800 23477 0 0 0 0 0 0 0 0 0 0 0 0 0 0
4096 52 44186469 26430 21370 18134 0 0 0 0 0 0 0 0 0 0 0 0 0 0
4096 56 48385342 28522 23649 0 0 0 0 0 0 0 0 0 0 0 0 0 0 0
4096 60 51444050 29408 24744 35393 824 0 0 0 0 0 0 0 0 0 0 0 0 0
4096 64 55119926 31336 26149 0 0 0 0 0 0 0 0 0 0 0 0 0 0 0
8192 1 3805069 3026 2461 0 0 0 0 0 0 0 0 0 0 0 0 0 0 0
8192 4 6878492 3813 3162 0 0 0 0 0 0 0 0 0 0 0 0 0 0 0
8192 8 12140260 7122 5792 0 0 0 0 0 0 0 0 0 0 0 0 0 0 0
8192 12 17296618 9559 7684 0 0 0 0 0 0 0 0 0 0 0 0 0 0 0
8192 16 21737080 11572 9460 0 0 0 0 0 0 0 0 0 0 0 0 0 0 0
8192 20 26683124 13549 11010 0 0 0 0 0 0 0 0 0 0 0 0 0 0 0
8192 24 31038200 15477 12754 0 0 0 0 0 0 0 0 0 0 0 0 0 0 0
8192 28 36460064 17235 14317 0 0 0 0 0 0 0 0 0 0 0 0 0 0 0
8192 32 40754330 19415 15858 0 0 0 0 0 0 0 0 0 0 0 0 0 0 0
8192 36 45955373 21314 17240 0 0 0 0 0 0 0 0 0 0 0 0 0 0 0
8192 40 50592037 22337 18478 0 0 0 0 0 0 0 0 0 0 0 0 0 0 0
8192 44 55364872 24907 20552 0 0 0 0 0 0 0 0 0 0 0 0 0 0 0
8192 48 59935598 26430 21589 21237 0 0 0 0 0 0 0 0 0 0 0 0 0 0
8192 52 66157828 29570 24637 29032 0 0 0 0 0 0 0 0 0 0 0 0 0 0
8192 56 70142543 30776 25777 34258 3032 0 0 0 0 0 0 0 0 0 0 0 0 0
8192 60 74436140 32860 26647 34986 8085 0 0 0 0 0 0 0 0 0 0 0 0 0
8192 64 79300406 34334 28886 0 0 0 0 0 0 0 0 0 0 0 0 0 0 0
16384 1 4375293 3126 2455 0 0 0 0 0 0 0 0 0 0 0 0 0 0 0
16384 4 10312490 5390 4378 0 0 0 0 0 0 0 0 0 0 0 0 0 0 0
16384 8 18385387 7835 6325 0 0 0 0 0 0 0 0 0 0 0 0 0 0 0
16384 12 26596250 10550 8537 0 0 0 0 0 0 0 0 0 0 0 0 0 0 0
16384 16 35425702 13059 10592 0 0 0 0 0 0 0 0 0 0 0 0 0 0 0
16384 20 43822727 16445 13286 0 0 0 0 0 0 0 0 0 0 0 0 0 0 0
16384 24 52607031 19648 16156 3247 0 0 0 0 0 0 0 0 0 0 0 0 0 0
16384 28 58628310 21888 17760 0 0 0 0 0 0 0 0 0 0 0 0 0 0 0
16384 32 68937905 24567 20342 0 0 0 0 0 0 0 0 0 0 0 0 0 0 0
16384 36 77310137 27288 22241 0 0 0 0 0 0 0 0 0 0 0 0 0 0 0
16384 40 85489450 28839 23770 0 0 0 0 0 0 0 0 0 0 0 0 0 0 0
16384 44 94008742 30589 26118 21427 0 0 0 0 0 0 0 0 0 0 0 0 0 0
16384 48 102486395 34390 29026 26782 0 0 0 0 0 0 0 0 0 0 0 0 0 0
16384 52 110874390 36635 30059 35318 0 0 0 0 0 0 0 0 0 0 0 0 0 0
16384 56 117440838 38420 31320 48520 0 0 0 0 0 0 0 0 0 0 0 0 0 0
16384 60 119765022 40840 32632 51393 0 0 0 0 0 0 0 0 0 0 0 0 0 0
16384 64 132920826 40609 31208 72466 0 0 0 0 0 0 0 0 0 0 0 0 0 0
32768 1 5761040 2784 2078 0 0 0 0 0 0 0 0 0 0 0 0 0 0 0
32768 4 16496289 6239 4918 0 0 0 0 0 0 0 0 0 0 0 0 0 0 0
32768 8 32148958 9991 7893 0 0 0 0 0 0 0 0 0 0 0 0 0 0 0
32768 12 46425015 12385 9932 0 0 0 0 0 0 0 0 0 0 0 0 0 0 0
32768 16 62896350 18406 15073 3916 0 0 0 0 0 0 0 0 0 0 0 0 0 0
32768 20 78182571 21286 17592 0 0 0 0 0 0 0 0 0 0 0 0 0 0 0
32768 24 95140712 26465 21380 25701 0 0 0 0 0 0 0 0 0 0 0 0 0 0
32768 28 110507738 30582 24622 22224 0 0 0 0 0 0 0 0 0 0 0 0 0 0
32768 32 123298756 35132 28317 0 0 0 0 0 0 0 0 0 0 0 0 0 0 0
32768 36 144120110 38244 31657 0 0 0 0 0 0 0 0 0 0 0 0 0 0 0
32768 40 160022526 43938 35158 42658 0 0 0 0 0 0 0 0 0 0 0 0 0 0
32768 44 174240230 46834 38155 52735 4760 0 0 0 0 0 0 0 0 0 0 0 0 0
32768 48 190444557 51760 40117 0 0 0 0 0 0 0 0 0 0 0 0 0 0 0
32768 52 206320663 54241 44036 0 0 0 0 0 0 0 0 0 0 0 0 0 0 0
32768 56 222549728 59199 46122 77456 22686 0 0 0 0 0 0 0 0 0 0 0 0 0
32768 60 234930425 63331 49338 103192 0 0 0 0 0 0 0 0 0 0 0 0 0 0
32768 64 252030232 66950 52473 0 0 0 0 0 0 0 0 0 0 0 0 0 0 0
65536 1 8308801 3723 3069 0 0 0 0 0 0 0 0 0 0 0 0 0 0 0
65536 4 28735004 7237 5828 0 0 0 0 0 0 0 0 0 0 0 0 0 0 0
65536 8 55935038 12062 9724 0 0 0 0 0 0 0 0 0 0 0 0 0 0 0
65536 12 87165292 19462 15268 5128 0 0 0 0 0 0 0 0 0 0 0 0 0 0
65536 16 120169063 30572 20692 0 0 0 0 0 0 0 0 0 0 0 0 0 0 0
65536 20 151671512 39223 27807 22753 0 0 0 0 0 0 0 0 0 0 0 0 0 0
65536 24 186026024 44907 33404 0 0 0 0 0 0 0 0 0 0 0 0 0 0 0
65536 28 219500066 51398 40172 0 0 0 0 0 0 0 0 0 0 0 0 0 0 0
65536 32 252816567 69951 48705 58856 8487 0 0 0 0 0 0 0 0 0 0 0 0 0
65536 36 286862712 68220 52094 60326 32450 0 0 0 0 0 0 0 0 0 0 0 0 0
65536 40 307744405 81352 58600 110831 0 0 0 0 0 0 0 0 0 0 0 0 0 0
65536 44 345456223 95465 63920 115805 31605 0 0 0 0 0 0 0 0 0 0 0 0 0
65536 48 384327798 98005 69546 111930 0 0 0 0 0 0 0 0 0 0 0 0 0 0
65536 52 404445596 107070 75194 129731 30327 2814 0 0 0 0 0 0 0 0 0 0 0 0
65536 56 446528228 118170 81519 144423 0 0 0 0 0 0 0 0 0 0 0 0 0 0
65536 60 483553847 118213 88733 171081 0 0 0 0 0 0 0 0 0 0 0 0 0 0
65536 64 511556406 132436 94587 177371 48637 0 0 0 0 0 0 0 0 0 0 0 0 0
131072 1 14230095 4321 3178 494 0 0 0 0 0 0 0 0 0 0 0 0 0 0
131072 4 52417656 9770 7544 0 0 0 0 0 0 0 0 0 0 0 0 0 0 0
131072 8 109260323 22764 14075 5476 0 0 0 0 0 0 0 0 0 0 0 0 0 0
131072 12 173436200 47273 25302 13222 0 0 0 0 0 0 0 0 0 0 0 0 0 0
131072 16 237160748 60657 33368 29166 0 0 0 0 0 0 0 0 0 0 0 0 0 0
131072 20 302378819 78299 46732 51332 9104 0 0 0 0 0 0 0 0 0 0 0 0 0
131072 24 379038326 102788 60692 72351 12263 4100 0 0 0 0 0 0 0 0 0 0 0 0
131072 28 441110285 140149 75829 86864 25348 0 0 0 0 0 0 0 0 0 0 0 0 0
131072 32 513996967 173383 98261 142568 30012 10312 0 0 0 0 0 0 0 0 0 0 0 0
131072 36 572952610 188545 100979 136782 37549 15122 0 0 0 0 0 0 0 0 0 0 0 0
131072 40 620228276 203042 123266 196981 0 0 0 0 0 0 0 0 0 0 0 0 0 0
131072 44 693393010 225016 128011 192462 56812 21197 0 0 0 0 0 0 0 0 0 0 0 0
131072 48 771289442 266163 162690 280383 80920 27983 0 0 0 0 0 0 0 0 0 0 0 0
131072 52 840994519 280525 153064 295961 101740 33220 0 0 0 0 0 0 0 0 0 0 0 0
131072 56 920918591 278654 181373 346841 115107 33676 9705 1051 0 0 0 0 0 0 0 0 0 0
131072 60 977508608 315712 209939 396040 123216 38950 12261 0 0 0 0 0 0 0 0 0 0 0
131072 64 1033096167 322982 211860 399372 130890 49054 0 0 0 0 0 0 0 0 0 0 0 0
262144 1 25153141 6944 3480 157 600 0 0 0 0 0 0 0 0 0 0 0 0 0
262144 4 99322464 26180 12033 848 3063 0 0 0 0 0 0 0 0 0 0 0 0 0
262144 8 207353335 52598 24770 2345 3112 0 0 0 0 0 0 0 0 0 0 0 0 0
262144 12 316692488 126385 53123 22134 3488 8606 0 0 0 0 0 0 0 0 0 0 0 0
262144 16 419798837 156987 77476 44661 6793 6838 4418 0 0 0 0 0 0 0 0 0 0 0
262144 20 552612066 193620 95371 47992 10612 12094 0 0 0 0 0 0 0 0 0 0 0 0
262144 24 667876170 297671 152813 122486 19949 11318 0 0 0 0 0 0 0 0 0 0 0 0
262144 28 840394697 336086 193251 193351 28225 9014 9067 0 0 0 0 0 0 0 0 0 0 0
262144 32 1010318694 428717 253785 294116 56704 11396 16792 0 0 0 0 0 0 0 0 0 0 0
262144 36 1165804128 507452 291444 345480 71883 15336 14541 3909 0 0 0 0 0 0 0 0 0 0
262144 40 1311803368 609128 365712 404573 79067 20724 16034 4008 0 0 0 0 0 0 0 0 0 0
262144 44 1440320938 623259 387740 538780 140086 27575 16019 5492 0 0 0 0 0 0 0 0 0 0
262144 48 1569778674 728108 498707 668017 185407 49565 27475 7065 1 0 0 0 0 0 0 0 0 0
262144 52 1619835134 723310 465338 626370 191034 52201 25944 0 0 0 0 0 0 0 0 0 0 0
262144 56 1792142660 817515 558433 704950 205400 66333 34367 7086 16 0 0 0 0 0 0 0 0 0
262144 60 1993394406 1043809 657898 800087 235651 78598 41820 7784 17 1101 0 0 0 0 0 0 0 0
262144 64 2146984821 989106 680397 930473 303109 93156 51657 17076 17 613 528 0 0 0 0 0 0 0
524288 1 46934039 14554 6868 132 44 121 219 0 0 0 0 0 0 0 0 0 0 0
524288 4 181194652 74194 35825 5313 127 419 1211 0 0 0 0 0 0 0 0 0 0 0
524288 8 390164958 170410 85316 47248 225 338 1996 2593 0 0 0 0 0 0 0 0 0 0
524288 12 605462900 278280 145989 82810 1964 1105 3262 2872 0 0 0 0 0 0 0 0 0 0
524288 16 820255170 448971 265136 272542 16323 987 2722 2368 46 0 0 0 0 0 0 0 0 0
524288 20 1036948090 567737 383985 488982 60378 487 2673 2626 21 0 0 0 0 0 0 0 0 0
524288 24 1292251395 737227 479030 533223 83160 5747 4705 3507 521 0 0 0 0 0 0 0 0 0
524288 28 1639030530 941366 640628 753327 136176 13040 3454 3080 45 747 337 64 366 0 0 0 0 0
524288 32 1935565014 1069891 813492 1091443 286988 38126 4975 3077 29 716 530 150 512 0 0 0 0 0
524288 36 2244084852 1201674 885152 1230480 347434 54742 10750 7386 25 866 1430 119 0 0 0 0 0 0
524288 40 2590249756 1409132 1035592 1485930 480291 109258 39508 16871 87 1830 5252 444 0 0 0 0 0 0
524288 44 3023131958 1547342 1137383 1685776 682204 191791 66394 24117 75 2142 6336 251 2065 424 45454 0 0 0
524288 48 3193939406 1665411 1277688 1826631 738683 217324 74808 32213 96 3327 11675 536 3644 588 40466 0 0 0
524288 52 3634192661 1828160 1344354 2006484 808272 234753 97595 48397 50 3348 10434 606 2983 680 142474 38669 0 0
524288 56 3924877145 2087939 1512253 2157432 861518 280423 122032 71361 207 5612 18043 1120 4659 1380 0 0 0 0
524288 60 4335130165 2184028 1680938 2312065 942771 321146 172270 90684 176 6218 18565 1098 5557 2439 58319 0 0 0
524288 64 4476488369 2520219 1866692 2469651 978826 312628 165102 97939 288 5940 18147 801 6432 1994 18087 0 0 0
1048576 1 90534194 33156 16031 7955 104 67 48 12 0 5 9 1496 0 0 0 0 0 0
1048576 4 372884190 177016 114332 147287 2351 141 90 185 0 10 62 162 0 0 0 0 0 0
1048576 8 763241025 396288 282768 496734 79306 690 198 498 0 27 216 85 254 137 0 0 0 0
1048576 12 1166461519 600628 442814 913336 193199 16744 322 1280 0 103 994 140 433 318 31461 0 0 0
1048576 16 1677101592 818602 646192 1323007 391614 51627 1304 4486 8 489 2930 214 367 256 0 0 0 0
1048576 20 2141036603 1018769 853512 1825688 697045 163745 34717 17328 7 1293 12370 158 376 275 30476 26826 0 0
1048576 24 2627410214 1169246 1053613 1933630 854586 260445 76252 50772 37 2447 20655 176 383 279 27802 99691 0 4
1048576 28 3538373126 844924 1094533 2146644 1081808 416781 236829 164964 15 8018 79156 361 351 278 10856 32849 0 29
1048576 32 4221608354 1127864 1260786 2500159 1281884 488352 251726 296052 78 19275 176480 1022 810 573 11119 23637 2 140
1048576 36 5038103729 1111674 1355779 2628170 1347932 540835 306780 508555 88 41249 438040 1629 1630 881 8948 24389 0 161
1048576 40 5929652598 663472 891538 2433355 1433489 620306 405855 578317 60 76895 737110 1183 1913 812 2991 20646 3 281
1048576 44 6871370433 761911 1118858 2716119 1585648 693407 440341 950383 217 117489 1226415 1314 2369 1419 4079 19540 10 226
1048576 48 7648757438 770541 955796 2466182 1528200 758712 481223 863455 131 180646 1807453 2594 4084 1889 3730 13516 3 495
1048576 52 8536672874 841705 875245 2448288 1576632 855907 510700 982175 267 215679 2198399 1991 4611 2542 1895 9558 4 644
1048576 56 9425366413 769970 709322 2176331 1433977 1195427 596641 841198 525 243761 2248996 3117 7717 9298 4219 13805 9 519
1048576 60 10310737756 968145 1025602 2709328 1654374 1233260 588996 1226485 774 275996 2490083 3478 8986 31013 8304 13898 15 729
1048576 64 11276708558 982909 858844 2384632 1523148 1566440 668517 1164156 668 327277 2562740 4583 38767 74109 13537 40218 36 563
2097152 1 180404517 27240 21600 145422 2428 225 115 37 1 0 5 0 8 0 65 88 0 0
2097152 4 761413166 107430 117438 373332 176189 119022 1095 2571 0 94 1285 1 4 2 399 390 0 2
2097152 8 1602096404 246480 272734 765402 432792 364945 143760 32628 1 807 9544 13 10 7 616 616 1 7
2097152 12 2502265160 312508 398326 1125810 505386 149884 131012 199911 12 6524 51666 73 54 48 865 941 0 11
2097152 16 3448415806 374151 477254 1344646 612507 238575 131620 371949 68 39602 333727 140 188 162 899 1629 1 16
2097152 20 4441326635 395406 496340 1492598 746463 663247 129522 673591 723 114857 1535749 530 901 464 893 1350 5 25
2097152 24 5543350437 530687 550322 1604696 899550 1572984 198813 1583125 1032 184315 2778922 1049 1772 1050 1251 1805 57 145
2097152 28 6808107444 709850 633325 1882788 1108757 2566513 271777 2591646 1301 255910 3100163 1505 4625 1509 1889 2322 112 256
2097152 32 8460834988 773485 594244 1923057 1200930 3855985 361841 3840998 1120 354588 3660451 2586 12478 2464 10078 8307 168 415
2097152 36 10087643099 960032 675844 2105725 1335322 5030193 428521 5026627 1143 454672 4560555 2524 11477 3072 38735 36218 188 458
2097152 40 11913717264 1095735 576409 1990239 1281085 6475347 535132 6370576 1118 521396 5609076 5342 15377 26543 154472 341124 202 617
2097152 44 13633223711 1433469 685872 2172594 1366070 7735764 619225 7651197 711 589643 6770204 7026 16331 5957 209766 634435 180 477
2097152 48 15389083691 1617561 532440 1739623 1200158 9531492 868176 9005234 834 615832 7889914 7044 15584 4054 434555 1810307 179 679
2097152 52 17246076333 1974417 555952 1902247 1215973 11459426 730235 10406866 1399 693478 9105122 6706 17915 4278 509716 2550542 251 970
2097152 56 19114756943 2789034 685759 1739170 1062157 14124947 904250 12629399 1559 794426 10373670 7578 21221 63045 673500 4122415 211 1884
2097152 60 21246877818 3297299 844246 2205601 1295889 15688515 908698 14420828 2244 894309 11927157 5996 21145 69969 726118 4790478 234 2538
2097152 64 23140507979 5771101 1906023 2886240 1137664 19787947 916290 18197382 2186 1146759 13673217 9506 58171 242247 819345 6249324 1021 5844
4194304 1 357596347 37751 29451 149756 12153 826 322 1313 0 90 292 0 7 3 45 94 0 0
4194304 4 1525301283 179615 186556 429896 194570 272081 220184 146183 40 13322 105793 97 77 260 702 809 0 2
4194304 8 3214287099 357190 380160 1006778 507949 875942 363428 600064 508 57568 580933 423 488 160 1260 1273 8 16
4194304 12 5013008255 487967 414595 1383019 643442 1926547 85511 2031985 703 173374 1642868 1911 5423 792 16418 2639 97 326
4194304 16 6936579242 795855 447595 1418976 846272 5082016 154857 5345774 583 402841 4762484 4454 9338 1726 278496 317625 255 145
4194304 20 8943538407 1188269 551926 1520175 961224 8156809 214101 8397159 997 610197 7560159 4046 11128 53638 382229 1160837 515 893
4194304 24 11168728098 1866034 612837 1547356 905969 11814630 574084 11837849 1130 841761 10701210 2775 9191 24850 428245 1820012 807 6358
4194304 28 13729030004 3156120 1263024 2492229 1016627 14171583 955306 14200928 982 1001639 12932148 4575 9614 14656 501050 2273249 1428 17288
4194304 32 16607925006 4335930 1956196 3945667 1397854 16793602 1164831 16970283 895 1175361 15424869 4499 14171 73562 561202 2836666 1541 18655
4194304 36 20030860325 5704496 2720988 5588791 2024433 18264840 1631586 19545066 1487 1361705 18554110 5058 15401 47754 583520 3176563 1485 17819
4194304 40 23345943268 6425929 3048637 6057617 2501723 19239903 1920940 21355366 2727 1558926 21640069 6109 25779 32219 631378 3615983 1637 17143
4194304 44 26769551869 7132306 3448094 6160362 2740247 21165047 1854031 22676732 2081 1832682 23840953 9191 20840 55445 674338 4171523 1667 17042
4194304 48 30586072827 7640985 3584419 6054224 2813194 23265432 1959873 23447798 1389 2071812 25208900 8382 28106 152302 708621 4659478 1346 14437
4194304 52 34178001017 8529986 4065302 6127640 2892052 26829415 1851818 26303093 2681 2296609 24502527 13408 122578 122771 805013 5314097 1161 13450
4194304 56 37954157517 9175104 4349126 6416001 2984303 29474681 2168880 29611584 3934 2414167 25561231 12545 224808 421242 879189 6012035 1401 13872
4194304 60 42272418885 10265112 4807025 6551645 3120261 32527724 2013075 32893296 3985 2611888 28366607 13462 256413 181854 1126416 7608128 1025 10769
4194304 64 46635404056 11761910 5376269 7391267 3279215 36043249 2057502 36070634 4520 2586579 31683429 14822 361817 327716 1390422 10006689 1187 11450
8388608 1 712786116 64314 54057 153215 11756 7768 555 21170 21 6837 15054 2 28 3 250 210 0 4
8388608 4 3058529717 456130 353148 665124 287298 1818555 331841 1524978 205 119754 1310854 3042 7550 30931 69936 131234 12 1184
8388608 8 6488157653 1317507 889037 2133159 817444 6711784 550901 6616705 418 483046 5964757 1494 11648 68527 156747 337255 124 5867
8388608 12 10129495375 2077203 1141080 3481370 1638867 10230840 834990 11622327 864 894997 11619475 1640 31878 414272 219475 655152 406 8029
8388608 16 13905458099 3026724 1490950 3867588 1768176 15734326 1720303 14771350 911 1153466 15818516 2667 44100 506517 335548 1095717 975 14279
8388608 20 17895435808 3820768 1690859 4426764 1961622 20995762 2177821 20484382 3940 1482940 18168324 4883 63849 574254 448870 1577073 1752 17989
8388608 24 22081511409 5084180 2290395 4981779 2233726 26240700 2496119 25995043 2420 1956274 23179330 4376 70325 628234 838095 2918070 2569 23528
8388608 28 26967672543 6697097 3048527 6478634 2645473 30461968 2613138 30862186 3747 2322494 27981032 9088 94842 897837 1027778 4294292 3029 36330
8388608 32 33314734390 8941466 4418341 9156044 3506999 34474830 2948960 35628991 2914 2587813 33298039 11202 101017 765406 1152256 5404913 3345 43734
8388608 36 39083160295 10815625 5290632 10164503 4051824 38210497 3171813 39698351 3608 3011863 37733917 14594 168009 952426 1211642 6580977 3179 41067
8388608 40 46391179714 12637830 6139847 10680214 4588628 42161676 3167324 43508381 3183 3253432 41261302 18470 344552 831150 1296351 7563951 3158 39852
8388608 44 52645474435 14326399 7066245 11250335 5038907 46652210 3894451 47365540 3327 3550472 43786549 14910 525712 1342105 1510597 8889796 4056 41398
8388608 48 60208400140 16408727 8012019 12183485 5414276 52158385 4193080 52581193 3660 3960599 47563715 18338 516240 1554843 1755899 10793929 4196 37611
8388608 52 68051947010 19332609 9269884 13437238 5713267 57661583 3990164 58585338 4738 4380818 53421216 20092 564869 1260631 1912674 13032156 4380 35058
8388608 56 75753323855 22985623 11617255 15566140 6349188 61546388 3804755 64003394 5896 4608535 58495312 26266 542412 1312680 1968507 14501458 4535 68482
8388608 60 84497357335 25573689 13716074 16959971 7390789 64347018 3715210 68714501 6894 5144015 63492128 31893 513144 860456 1989304 14784676 3868 67363
8388608 64 93570615273 27084395 14713471 17575518 8190126 68006417 3125204 71689394 9039 5596811 66992031 29040 453941 150747 1979322 14942644 3857 76106
16777216 1 1425569518 178349 95778 222298 11154 1040543 459 1128494 171 82999 1029167 2053 1433 127 1312 1492 0 30
16777216 4 6154532624 951823 710961 1821736 750742 5917804 2003726 4342028 442 314216 3737851 1159 111734 1369834 114957 154745 49 12113
16777216 8 13019090893 2592273 1408956 4222038 2102928 16474476 2846524 16099107 988 1198006 14963478 4035 160625 1891482 289921 675440 316 25066
16777216 12 20160020779 4147343 1988065 5902854 2490389 24889625 3611815 23395110 1174 1721232 22259789 3230 196205 2449594 431738 1299453 893 35237
16777216 16 27788784732 6308404 2870060 7305621 3113880 35481982 4308302 33934186 3000 2541192 30666635 6017 233126 2785606 988772 3018864 1637 52547
16777216 20 35669660334 9028373 4531286 11117281 4337819 43339894 5540320 42457415 2508 3153622 39778161 13453 365569 3763888 1105614 4220223 2927 77248
16777216 24 44066313046 11714409 5876414 13057881 5622272 51414005 5365618 50778789 2607 3775561 47614295 13559 488611 3375143 1265849 4907059 4990 96651
16777216 28 53236901939 14659233 7735209 15372661 6546093 61573716 7122029 59841725 3755 4391365 54141665 13543 772636 4500160 1775288 6730584 6163 132098
16777216 32 63998776075 17661667 9460107 18301034 7668138 69981297 7386878 68969159 4926 5104671 63408591 16545 799988 4547121 2060966 8855588 7246 163855
16777216 36 76879139889 20939963 10832447 20122397 8776451 79147199 7316925 78635814 5759 5649396 71873108 26417 796712 4301757 2337963 11240851 7380 213581
16777216 40 90191685189 24704073 12701565 22078660 9539241 88163502 9098082 86832125 7196 6197468 79513996 26608 896212 5468805 2683396 14111419 7374 210610
16777216 44 103804915743 28988544 15414754 24996803 10783322 97213141 9259919 97065799 7207 7274865 88904259 31018 856824 4827124 2921500 16375558 8758 238442
16777216 48 119278467001 33084697 17400680 26593878 11600474 105566225 9753330 105295597 9842 7855336 96558502 36473 869588 4597370 3215006 19235307 9541 195423
16777216 52 134780503198 37438078 19372760 28221758 12054546 115309811 10357233 114833585 12322 8224459 103786155 41823 759030 4707642 3618910 22631473 12765 190154
16777216 56 151750823571 42254825 22189336 30667701 12943959 125123189 10066279 126508234 12348 9169252 114042554 50293 843944 4683770 3952663 26827326 8214 142156
16777216 60 169613214898 46774080 24895791 32489579 14258971 131863776 7715948 137549004 13456 10246943 126042775 52845 661938 2151578 4146466 30027791 8980 118195
16777216 64 187488952859 51017175 26596690 33010784 14698767 141955915 6130520 148016150 15269 10110998 134297991 68922 808019 65323 4398369 33311351 7395 92854
33554432 1 2883872886 530940 149866 968482 54153 4263334 2059 4608655 1419 330154 4233538 1281 1182 419 2467 2759 2 148
33554432 4 12936251253 3542530 2309896 4478350 1935695 17957198 4843654 14487598 1012 1040797 13273675 2124 433025 3285541 439375 556588 80 152153
33554432 8 26914911854 6915851 3829067 9387309 4298995 36088483 6708677 32400540 2334 2409038 29486807 6272 518286 3865991 924760 1589469 675 182030
33554432 12 41029474504 10076033 5138109 13686904 5162683 52642564 6845563 50763265 3101 3736639 46271730 13687 590268 5093444 1212417 3077997 1693 275814
33554432 16 56892885232 14223377 7238338 17971344 7355764 70790744 9298127 67086131 3780 4845616 60808616 12113 1029888 6537718 1846132 5288979 3310 379686
33554432 20 73524010507 19722179 10434220 24355582 9571930 88559912 11834290 84452782 4858 6265795 77253292 21981 1647864 7278345 2484713 8404674 5947 363188
33554432 24 91252752744 26180551 14185294 30792619 11876417 107143189 13195808 103506320 8353 7653316 93837093 24023 1396998 7369910 3257955 11557668 8748 499061
33554432 28 109266540834 31677536 17245398 35703022 13958820 124198222 15203600 120827995 10309 9009091 109784690 32598 1514948 8923554 3645057 14564113 12684 549287
33554432 32 129004770808 37653959 20795101 41326965 16837681 143176048 15823538 140041058 14248 10429752 127158349 41260 1470532 8207362 4497850 19188512 16738 516587
33554432 36 155578469870 45471893 25054807 47810693 19150336 161302517 15914718 159782251 12653 11652413 145199163 57008 1899286 7617162 5091458 24326215 17156 510482
33554432 40 182515738213 52945312 28682455 52774672 21140115 178872105 17386781 177497999 16158 12924818 161099646 60160 2233843 8058516 5662457 29714440 16687 579453
33554432 44 209614613419 61112391 33203802 57037748 22597858 198689148 17824428 198036507 18460 14418247 179554381 68632 2409153 6970456 6488849 35618662 20450 418470
33554432 48 238427734820 70400811 37925529 60672144 24454885 215768480 17515474 218148980 20714 15816089 197659117 69785 2375528 5891061 7025969 42062882 22186 443444
33554432 52 272916092246 81514295 43951578 70430553 27650950 232716000 18522807 236501857 23771 17277163 214546711 91506 1971629 6510854 7372140 48255288 25447 568166
33554432 56 305899753328 90355142 48928863 71494008 28459523 252252635 16809390 258472124 26904 18375340 233770240 92218 1754993 4586519 7977603 54642151 27283 312093
33554432 60 342264831526 96520208 51880044 72642618 30044282 270639731 15632082 279914274 32389 20203293 252921858 109315 2208527 2449510 8583056 60026267 15893 236652
33554432 64 376734749416 104274053 55760079 70966820 29648759 287816127 12037866 302792333 32315 21490354 273475726 135551 2299873 166322 8868302 66524193 15676 196203
67108864 1 5771190141 1019322 269346 1930524 139640 8513381 4107 9360544 1117 661817 8638112 4716 2126 861 5687 7926 5 289
67108864 4 25685634598 6460125 3482436 8499412 3273298 36660982 4534988 35577294 2649 2521364 32210889 5290 383986 1887044 904342 1167629 199 203825
67108864 8 54177631642 13487908 6953456 18922470 8070939 72851129 9027490 70061807 4579 5068587 63609516 10716 1020130 3988841 2060891 3581390 1249 432674
67108864 12 83336836552 20563378 10092987 29153040 10863207 105279408 7927458 107284334 7120 8040194 97626894 20728 1477443 4053546 2619916 6638837 3377 450839
67108864 16 114622218889 28951650 14470985 39275278 14578560 141162281 12018900 142204392 12914 10769915 129332661 30825 1410722 6429704 3725988 11143912 7046 614713
67108864 20 148087865315 40239933 20604059 51999416 19318971 178137436 12001149 182797602 14381 13745746 166271873 37024 2199714 3330225 5079105 16928994 12650 641616
67108864 24 182395226158 51457118 26680370 62071948 24199401 216359083 15727194 220996940 14362 16452924 201008241 50563 2638706 3543708 6428467 23585130 19372 832781
67108864 28 218198531996 65051251 34300809 73379123 28240494 252964492 20756166 255300812 19556 19037054 231762934 67465 2680846 6982615 7896900 31448819 28935 993413
67108864 32 256574478373 77135648 40799616 83611877 33052704 292436827 22467605 296452556 25262 21979156 267992246 84266 3038664 4459617 9299627 39445501 39798 1086245
67108864 36 308179751748 90621684 47810574 95120964 36927525 326996076 25749454 331105315 29643 24314456 300041879 101901 4602063 6993452 10169359 49328685 36329 936414
67108864 40 361698365047 106788132 56840960 104824484 40939898 362476127 25889273 370017016 33345 26949077 334650646 106631 3781064 6282204 11639928 59961510 37817 888869
67108864 44 415784353885 121477175 63901726 113079550 44428387 397542677 25699526 409094394 36039 30061868 369495501 122606 4997814 5085944 12504268 70566059 37115 793997
67108864 48 471173338900 138402790 73175506 114881883 46531888 433944217 23614734 450885936 42450 33601718 406308554 147110 4654523 2539814 14147901 82449394 39395 669859
67108864 52 539009731229 155204560 82597948 125691794 50844525 468744300 27788163 484962448 44854 36241666 436787018 177408 4083765 5137171 14604733 94005090 37160 576687
67108864 56 608671339509 174455782 93932836 136437404 55722449 505887543 31970132 521793764 51023 38939093 469742506 176296 3788057 6653657 16103783 107656896 35270 594140
67108864 60 680005583611 191768365 102230469 139196796 58261655 542805269 30795075 563094924 63180 40933065 507679017 186114 3507175 4856127 17095321 120124574 26636 531884
67108864 64 754956941197 208192555 112162309 143049765 60344624 578958448 26228996 606591386 57262 42815276 547907105 254424 3033303 434020 17729714 131948311 27301 416003
134217728 1 11639091691 1914740 403473 3539642 326029 17052145 10387 18562608 1026 1335588 17341104 8069 4243 2024 13109 14372 2 432
134217728 4 50828032822 11475137 5271264 16234728 6034540 74326320 5894017 74556104 4844 5453548 67381850 10889 762233 886985 1714900 2319040 383 297056
134217728 8 106504842783 23609892 10684342 35430180 15654602 147976346 11729164 148938151 9407 11067590 134930678 22589 1220244 1153157 3785951 6483766 2480 348069
134217728 12 165710748685 38085082 17195711 56696352 20647414 213751502 11018442 221597597 15150 16489841 202454933 38361 2138452 2577436 5016866 13149372 7434 640303
134217728 16 227893535591 55789405 26542722 77831995 28366551 286731236 16435346 295943005 20291 22319646 269992026 56497 3199698 3577927 7304936 21591753 14621 882912
134217728 20 292777449608 76257044 37287283 98636634 36808380 361033003 22140725 371624698 23981 27845061 337559891 72546 3207098 3689916 10011764 32162764 26229 1016976
134217728 24 361136865143 99475902 49855157 118684023 46609832 434636006 26735949 447018918 30468 33503475 405594195 90264 4361347 3624980 12933630 46132047 39594 1287120
134217728 28 430984837459 121891521 61840778 136279881 53551298 507176346 28689898 524884605 36923 39309901 475609046 125259 4086244 2021525 15088140 59740821 57906 1392385
134217728 32 507126792798 149766112 78223348 156979175 65170318 582108222 39153596 596421986 41387 44789758 539452778 174950 4993454 6238144 18243958 77713618 77414 1668474
134217728 36 605122798747 172111549 88959924 171492224 69193627 651505496 40605235 670097379 50931 49137051 606990804 186647 4907498 7574585 19736966 93788380 69507 1302537
134217728 40 714934440951 206140449 109175894 195893774 79864682 726424049 51028218 741100765 58953 54045459 669930448 215961 5856014 12199899 23423223 117189322 73164 1297241
134217728 44 825273410387 238353018 127254238 215154756 86858389 794479552 55426401 811997407 70090 59340361 732722727 238664 6734290 16143137 25426876 140123158 68164 1301799
134217728 48 936470337761 270021538 144790757 226219658 93155902 865765534 62455079 883441087 74768 64853341 797011166 267558 7637344 20060778 27737750 162663202 72943 1215081
134217728 52 1065267153764 304698752 160712184 241600602 99338374 933405946 52223352 968918581 88047 70797972 874971073 291821 6874389 11237050 29026696 186931079 73826 1059743
134217728 56 1207413149183 341183555 180982613 255487488 106764148 1006313215 60726611 1040255193 103503 76073971 937659645 350886 6786420 16119589 31408158 211867702 62893 1016060
134217728 60 1359926727565 377275078 201589082 267093292 113998899 1077967896 51643838 1124821678 93504 78120174 1016333415 366245 6923225 8006831 33465829 238762054 42315 789969
134217728 64 1500278546040 408732184 219076944 273310939 119206366 1151950352 53242815 1205201487 129603 84009616 1088147540 522060 7155959 4783814 35499432 261550069 37928 729186
268435456 1 23412701570 3521486 405973 6983759 296199 34251189 279872 37284218 8513 2760607 34282615 13164 26091 255097 10561 13975 5 2961
268435456 4 100750964612 19983546 8074247 31593837 11291814 149280949 15069719 145893504 11234 10488897 131866371 24456 1556580 5338634 2868001 4022795 1086 497385
268435456 8 213051624410 46426679 20335633 71757502 30350295 292838531 24611336 293207531 19243 21895095 266153938 43554 3024433 7352956 7047222 12820876 4611 807134
268435456 12 328764670074 72478278 30998818 107619776 38831562 423780568 16126724 445351693 28034 33215956 406872318 69039 3398725 3657477 9283595 24911567 12864 844669
268435456 16 451032402476 106200093 48056032 147582822 56172202 570120504 24831101 595727363 35313 43723317 543212241 113224 5131130 2805282 13581248 41785831 25142 1234519
268435456 20 578423608296 142843110 67751920 179565466 70476197 714980396 39712700 737496800 50888 53994198 672269325 154526 5008361 9464114 18207403 61392232 43845 1523828
268435456 24 709475120299 181085612 86364876 209194816 84957940 858146621 41588699 892190540 61594 64966948 812514970 193231 4589461 4801085 22079888 85156666 69099 1615877
268435456 28 848054037297 228170974 112320793 246138646 100771874 1001163670 53761380 1035787730 73679 74973775 940937482 238500 5753740 11973725 26772370 115098179 105440 1972472
268435456 32 995067769066 281221347 144856670 277856051 121286746 1152358270 77718908 1177511394 86595 85923510 1066429922 286018 7397790 23280687 34828053 147362220 139323 2336615
268435456 36 1201515983016 339273684 176528082 322683914 137367582 1297422774 84580438 1327256810 101619 95445733 1202724934 338061 7388086 23978629 40081352 189178020 128362 2206629
268435456 40 1415490484184 398907766 208947706 362431442 153884239 1442434923 100690393 1469035420 112658 104952679 1329919505 361121 9128570 32037426 44954113 228333858 124533 2153587
268435456 44 1632453279917 461682123 245205985 396738760 167706638 1579576588 139618161 1578668973 124696 113171433 1426979804 435912 11932082 69121556 48065484 273252863 119432 2531990
268435456 48 1849663774286 525517618 275729935 416688066 179207254 1721307331 116212229 1761674451 147873 127212000 1591270165 467348 9954107 41521522 53028570 316952664 135451 1988208
268435456 52 2108180478619 593509261 313043735 443555119 190932718 1862923700 118110627 1914942518 157290 137731602 1729328638 520171 9985240 40229892 56721417 365196467 121962 1729378
268435456 56 2386878028646 663520292 354902397 480316632 209355362 2004795172 119238777 2067416842 180850 145232254 1867414610 593963 10550565 39837543 61026552 419756129 103567 1674707
268435456 60 2686235393289 743587993 395879542 508697488 225947995 2147345221 106243514 2237410550 193577 154448749 2020986329 679876 9782125 25027115 65958765 474963961 88132 1453144
268435456 64 2997117575851 804422453 428127756 527149449 237423835 2289714852 87897316 2410735027 230284 164004283 2180798328 966606 8814149 4979903 68732149 522482347 65666 1224384
536870912 1 46809746404 6748562 443531 13969837 467720 68833520 34095 74842199 15278 5829021 68763436 25076 252884 8706 28819 20384 9 4176
536870912 4 202112778356 40880362 16573809 63912271 23796056 300784191 21448421 303003471 19197 22144046 273634537 40566 2623620 291111 6582127 8669660 1606 805348
536870912 8 420498007329 86105237 36019619 130209729 59009613 587379332 40630877 595926009 33663 42761769 542495026 81684 4027433 3518650 14010822 24014208 7497 920370
536870912 12 650091736791 136275278 56860754 199320446 76778402 844620312 32512683 885313751 51937 63827356 810229117 162690 4893143 8859004 17335446 47454986 21869 1367756
536870912 16 894977603376 204742836 91554124 272885727 108994793 1131867907 41844157 1188396761 70157 85792062 1085593098 171626 5923472 5315817 27232839 82568290 44024 1715110
536870912 20 1147858684927 280173069 129339797 344899472 138608569 1424030785 59597117 1488594142 97137 107736335 1357195486 235992 6863202 6207682 36204964 123855016 84883 2240450
536870912 24 1416288031048 360233769 172962258 415017894 167924798 1711427580 81711682 1780439960 113357 129047610 1620009402 337509 8693225 14521567 44736853 171274855 131374 2939372
536870912 28 1690808437161 457067077 226186800 480488762 204240238 2016655160 114338442 2080365108 132884 151566692 1888344269 456680 9239684 19731504 57597290 229456429 211384 3462839
536870912 32 1987777694427 556564624 282731277 553787445 242565339 2316311299 137667070 2382990575 173099 172339571 2160113530 593287 10421272 20221416 68189220 293195766 286055 4212135
536870912 36 2401356669615 667580905 344221278 641614702 273423912 2591568814 159453798 2658295237 187522 188649023 2411754767 624966 12846532 43395105 76387038 373182963 263270 4348873
536870912 40 2825278480480 796708958 418527388 715878988 304844792 2891930590 230805142 2911241997 206036 205631675 2634902275 733043 16631117 92045629 91034789 459636747 235390 4443883
536870912 44 3254066740552 921991138 486740997 782650417 330708383 3169433206 217077711 3233935437 225695 229357207 2924593045 840690 16437429 74915085 98374536 548388166 225356 4199775
536870912 48 3703022736898 1049532510 552810585 847312972 363860994 3444798586 254738966 3499628459 251328 250379924 3159672560 926294 19040019 108542827 106348107 638163336 258630 4074159
536870912 52 4223407785830 1194053612 627593933 895352990 383382268 3719691124 255423619 3803526602 306388 272845573 3431035926 1047852 20178949 105931800 111806901 734765409 223653 3619764
536870912 56 4777434056598 1338560061 709460019 964829000 420255627 4014909548 249467253 4130893712 329121 292301630 3727587963 1202083 18453438 87219924 122380728 840692907 208482 3104638
536870912 60 5383169396313 1484983645 797183000 1020446261 453689254 4308594507 261728056 4432275764 379618 302836935 4004626028 1356376 18888738 91189184 133557289 952650093 167478 2821300
536870912 64 5991949618862 1613282299 859335741 1051057247 474261283 4596119517 210449127 4799452467 479920 324185414 4341600296 2107869 15279151 33338840 137681812 1041977828 98315 2172919
1073741824 1 93864611248 13234123 1189739 28689174 724415 137832362 2891849 147339944 32610 11497640 134987892 58067 689671 2815721 44660 31852 11 92485
1073741824 4 402368400118 78800749 30921036 120072623 45488966 601120255 41602090 606266167 32385 43263178 548088247 81253 5024752 386100 13626017 16666787 3739 897400
1073741824 8 854895521725 194292635 93226744 284016687 122241306 1179867496 114796344 1164914759 65708 85101768 1051827307 156211 11356052 32275672 32336293 54122392 16955 3428212
1073741824 12 1348826557256 332161902 176415011 475521843 174291430 1679892992 191624501 1631270786 98572 117313614 1479255581 286581 28215148 132743007 43397281 115992224 40960 8014050
1073741824 16 1794839623104 409390031 185339306 555372114 223343535 2275775762 127603539 2341843205 135105 167867761 2136932414 350323 13405954 45042332 53903715 164331733 92773 3934378
1073741824 20 2305772663018 562684513 265434461 702898328 276981324 2834176764 125494265 2955431817 170182 212009883 2692549833 574406 14399466 30800256 70943833 249626152 171172 5036706
1073741824 24 2830398397028 731552105 356693050 831910163 345599689 3453155526 201371191 3549695824 212320 254431221 3228311578 774896 15031045 44388861 95514766 349368900 268419 5886904
1073741824 28 3377179678852 890713936 438883065 961965002 408301974 4017347536 201869068 4168566014 250878 299427317 3788002167 910643 13599189 31206336 109576318 447993055 422674 6617172
1073741824 32 3963628118853 1086785602 543402121 1092493868 475016952 4623763502 254502709 4770302014 312627 341969433 4332160629 1159258 14898310 34345244 127606684 577735255 570206 7895145
1073741824 36 4807845799041 1332032861 694731458 1288088980 546272192 5223372789 390871616 5281025028 355987 372729394 4786068586 1365987 23493450 129712913 158577256 740294573 520578 8235867
1073741824 40 5641786710663 1563684610 817976073 1433412031 596211224 5760318972 460162232 5795255818 434051 406438333 5249476542 1429344 30739158 207570303 171956752 904591524 449259 8930362
1073741824 44 6509246250822 1824665902 967497762 1559032666 666515212 6352919746 538731727 6361582441 449173 447690595 5752959966 1639533 33672624 245795106 196380179 1079728643 437842 8400647
1073741824 48 7418857017231 2126294613 1128613475 1711201629 731356651 6912353840 472865802 7059118595 531117 501430092 6373772963 1938109 29573104 164605092 219401126 1294183766 489846 7278433
1073741824 52 8452849848703 2394018851 1276340487 1818138238 779610970 7471172702 587983481 7545840894 616430 531852195 6811294794 2155685 37895937 272092792 231156674 1486545218 430158 6885496
1073741824 56 9546937917738 2655513071 1421100164 1933304315 842308750 8061990408 534561637 8245094674 655132 571550256 7449587084 2340176 31934428 190720794 247317468 1682256963 379990 5931310
1073741824 60 10725381850465 2969252113 1598780630 2036725159 905555192 8628097164 457149492 8942497828 739979 609578936 8085623995 2866325 27912566 109294218 266239492 1899571634 303300 4873595
1073741824 64 12007641599753 3233267397 1730832176 2117883865 951850975 9217554969 466660531 9565387623 894433 639230527 8658099804 4158326 29095182 95982504 280301783 2092515078 174699 4357895
